Mother Total Momentum (GeV/c), Mother Transverse Momentum (GeV/c), Mother Fraction of Transverse Momentum, Opening Angle (rad), Decay Angle (rad), Impact Parameter (cm), Daughter1 Total Momentum (GeV/c), Daughter1 Transverse Momentum (GeV/c), Daughter1 Fraction of Transverse Momentum, Daughter2 Total Momentum (GeV/c), Daughter2 Transverse Momentum (GeV/c), Daughter2 Fraction of Transverse Momentum, Decay Z (cm), Decay X (cm), Decay Y (cm), Event type
75.0751249872, 1.12708756711, 0.015012796413, 0.0479848314842, 3.14159265359, 77.1947675132, 65.9685519584, 1.30460944561, 0.0197762328698, 9.11564124453, 0.290620198723, 0.0318814870975, -2441.43885166, -3.40967431355, -11.7809513683, 1
19.3049041277, 0.938544435277, 0.0486168918048, 0.0710524067594, 3.14159263869, 222.791617586, 13.5806761244, 0.869914051156, 0.0640552829023, 5.74037419179, 0.241511181029, 0.0420723759392, -2469.28261015, -29.0237746686, -27.7627150809, 1
22.4772232762, 0.589646231616, 0.0262330548738, 0.0072004182464, 3.14159265359, 88.2374286697, 7.79887689873, 0.233302950817, 0.0299149420931, 14.6985538395, 0.358269752565, 0.0243744899313, -2109.92409113, -23.4329799889, -41.3238493902, 1
29.7117839171, 2.07329017665, 0.0697800637767, 0.168496913171, 3.14159265359, 530.945851272, 14.6985470363, 0.358269586741, 0.0243744899313, 14.1578949393, 2.11301015839, 0.149246068532, -39.3622628552, -47.741873853, -72.3033565625, 1
7.40494002379, 0.256480565338, 0.0346364135988, 0.0860524596263, 3.14159265359, 105.819056761, 2.82572418102, 0.123940596414, 0.0438615337076, 4.59471429759, 0.27488845438, 0.0598271049246, -2436.19484616, -48.7659241494, 35.3751214948, 1
9.85531926535, 0.338314375899, 0.0343280990489, 0.0834237401616, 3.14159265359, 177.450099427, 4.39133740349, 0.295982763277, 0.0674015080329, 5.47070933553, 0.216860457207, 0.0396402813432, -2423.6029722, -19.7696006479, 7.04749320831, 1
110.704585798, 2.12945599715, 0.0192354813651, 0.292694019386, 3.14159265359, 80.7904929233, 110.373494214, 2.24653638347, 0.0203539481962, 0.463426964743, 0.125363129202, 0.270513238848, 1666.4231024, -20.8271829141, -88.1224199957, 1
34.5186566798, 0.948888707176, 0.027489155096, 0.157019739478, 3.14159263869, 187.811208296, 20.6928226267, 1.33451555923, 0.0644917120928, 11.6165868977, 1.16779120641, 0.100527910366, -990.863753542, -46.7730885363, -2.59854244488, 1
2.15587986739, 0.190364683715, 0.0883002279459, 0.376616211037, 3.14159265359, 803.306307501, 0.323302606515, 0.104971209049, 0.324684079045, 1.17856549755, 0.0542017125136, 0.0459895632669, 2419.19937542, -154.283453643, -20.8193537752, 1
2.67704515764, 0.386240130824, 0.144278526539, 0.205398044636, 3.14159265359, 1635.72336992, 2.24988720468, 0.326906410955, 0.145299022225, 0.434847857983, 0.100190571171, 0.23040373623, 1093.59938154, 117.64000796, 445.135009036, 1
16.7685682623, 0.646765259059, 0.0385700942944, 0.147565830173, 3.14159265359, 143.200549391, 1.12398227675, 0.120898380094, 0.107562532431, 15.6562981817, 0.732477000828, 0.0467848141578, -561.592614938, -83.3879360284, 81.5526538156, 1
14.0374264347, 0.299595766456, 0.0213426419614, 0.083560300594, 3.14159265359, 122.021778768, 4.23564603742, 0.152529600659, 0.0360109412617, 9.51384016338, 0.454386529157, 0.0477605805179, -845.038792527, 26.7753828744, -10.0152201878, 1
142.947435538, 0.479845687229, 0.00335679815047, 0.0126190489863, 3.14159265359, 26.7299688597, 134.660870679, 0.563096132045, 0.0041815868946, 9.10225739134, 0.0774812519383, 0.00851231168347, -2395.5118, 6.74088664993, -18.6971055263, 1
17.4552255181, 1.19897597823, 0.0686886558407, 0.0118544719054, 3.14159263869, 394.15460554, 14.9229169664, 1.02683200217, 0.068809067589, 2.52097670942, 0.17608916077, 0.0698495785827, -2044.04545005, -8.20729125785, 37.8586252047, 1
46.0405380242, 2.73597637919, 0.0594253780821, 0.0322231009397, 3.14159265359, 286.488060053, 2.84700301514, 0.166075285422, 0.0583333718084, 39.3789848554, 2.37455881965, 0.0603001532001, -2446.1725441, -0.304187495804, -2.72449345696, 1
17.3564625489, 0.385522542787, 0.0222120458993, 0.20112387489, 3.14159265359, 67.6138728286, 8.32630534437, 0.888878985095, 0.106755511398, 8.60947938375, 0.874818809888, 0.101611116177, 415.380783619, 159.086674701, -81.3555182223, 1
27.5844453327, 0.338752179585, 0.0122805507053, 0.0337208388201, 3.14159265359, 83.8449800262, 15.6691291648, 0.0868303897094, 0.00554149428449, 11.9195512041, 0.368196142369, 0.0308901011511, -2116.63698943, -33.9657554779, -19.0347543294, 1
9.16808698777, 0.519470031304, 0.0566606787215, 0.0324524286963, 3.14159265359, 309.282196275, 3.74434627316, 0.193512650884, 0.0516812914101, 5.42672209403, 0.373256340039, 0.0687811783193, -2224.85452158, 0.978715033798, -25.8869612041, 1
98.3211495886, 1.01954855369, 0.0103695751927, 0.0193023502923, 3.14159265359, 50.3034244682, 3.57152603531, 0.0533145682874, 0.014927671746, 94.5359388574, 1.02183473889, 0.0108089553162, -2355.00475898, -6.12038268178, 6.86666821236, 1
182.763358629, 2.90039282236, 0.0158696625195, 0.0519683803966, 3.14159265359, 79.2463933064, 171.548782955, 3.38683903974, 0.0197427168027, 11.968341312, 0.394701761786, 0.0329788189939, -2397.7291754, -2.88141907613, -12.4200247908, 1
16.6259278551, 0.6664489469, 0.0400849175281, 0.495213653966, 3.14159265359, 225.339974588, 0.475393045563, 0.206219830208, 0.433788066805, 16.1701766678, 0.787441007694, 0.0486971183971, 2095.97304845, -59.3517822049, 147.790478612, 1
42.7662623244, 1.59381177381, 0.0372679698245, 0.0181061701301, 3.14159263252, 206.825731007, 39.5624851825, 1.44831907631, 0.0366083947868, 3.14492598206, 0.149632126572, 0.0475789024688, -2114.96520422, -24.5961428961, -15.4646615299, 1
53.8083561847, 0.258362787174, 0.00480153651763, 0.0349361081078, 3.14159265359, 69.5680387549, 48.4368324283, 0.116150272581, 0.00239797416054, 5.37334170837, 0.192010760143, 0.0357339567377, -2475.86056679, -45.1527260325, -79.2318629939, 1
16.9132137094, 0.227128841238, 0.013429076528, 0.0829572350694, 3.14159265359, 55.3347670023, 1.02373448106, 0.0695801780469, 0.0679670161887, 15.8500978278, 0.285042516007, 0.0179836439563, 896.053648438, -84.2805004202, 35.8367732119, 1
8.1031744714, 0.166698129425, 0.0205719536231, 0.098998824884, 3.14159265359, 120.716251943, 4.70919544834, 0.168593592765, 0.0358009334322, 3.41139104782, 0.239677005713, 0.0702578515195, -2295.03503733, 15.4971713991, 17.6034992685, 1
12.8103130181, 0.710571095786, 0.0554686754947, 0.147248283145, 3.14159265359, 353.416130176, 2.87181434572, 0.26778227156, 0.0932449801148, 8.49124728616, 0.660813726115, 0.0778229279922, -1561.65421949, -76.3048235107, 20.2887733443, 1
59.5821021043, 2.55575088868, 0.042894607582, 0.117427386395, 3.14159265359, 241.343190809, 47.2880051353, 2.97706102764, 0.0629559445176, 12.3346025358, 0.699905992547, 0.0567432951744, -915.532212712, 28.0430025667, 41.5720961098, 1
6.59418877907, 0.182505612137, 0.0276767345085, 0.124268351935, 3.14159265359, 162.571355631, 4.53529138619, 0.263489172205, 0.058097517837, 2.07340743299, 0.164212134724, 0.0791991637106, -988.036304699, -5.32879276386, 10.3582869754, 1
36.3181748744, 0.138477796323, 0.0038129062598, 0.0755740881012, 3.14159263869, 75.1387677558, 26.1127569567, 0.341305034667, 0.0130704327863, 10.2157282914, 0.662764981976, 0.064876919498, -1185.32501383, 67.5925893019, 69.3963002252, 1
27.2996888825, 1.69252105816, 0.0619978148997, 0.0613358565875, 3.14159263252, 299.051214171, 21.3404700144, 1.46333001082, 0.068570655184, 5.96743114807, 0.363044585132, 0.0608376663465, -2472.06608243, 12.4240184416, -0.826592207163, 1
13.94908496, 0.522137654357, 0.0374316778379, 0.0899711753513, 3.14159265359, 172.231259601, 0.949045604403, 0.0456879829877, 0.0481409773943, 12.9940875079, 0.56047639146, 0.0431331858525, -214.452418091, -54.0312484902, -76.471995273, 1
46.8565450056, 0.69740132642, 0.0148837547953, 0.0454817181044, 3.14159265359, 88.6672476168, 1.66312026803, 0.0599324597331, 0.0360361549824, 45.2086065988, 0.7218838781, 0.0159678417985, -1806.15619792, 27.9348655825, -16.5884897988, 1
69.1248681359, 1.2146518682, 0.0175718507819, 0.0612421810029, 3.14159265359, 92.6364646189, 47.3938918048, 1.64355713979, 0.034678670124, 21.7511965122, 0.663307648896, 0.0304952257924, -2461.75192548, -1.71004985018, 23.1270287529, 1
85.6846543369, 3.26058837995, 0.0380533527875, 0.158179119388, 3.14159265359, 214.933304691, 85.3955914549, 3.19747479045, 0.0374430896955, 0.4193133727, 0.081451824479, 0.194250481339, 1495.35595217, 10.947409059, 119.667836461, 1
56.211036227, 1.24480709643, 0.0221452437099, 0.0975017788064, 3.14159263252, 105.83249704, 39.8302234762, 2.16158622935, 0.0542700000324, 17.9768413958, 0.79470098378, 0.0442069308107, -2087.05964855, -4.28446576545, 6.8668404003, 1
6.20392662363, 0.110763646582, 0.0178537970066, 0.0584592519263, 3.14159265359, 86.2247561781, 3.68757238586, 0.0943478201261, 0.0255853472837, 2.52587812054, 0.109237026453, 0.0432471486113, -2283.61242974, -28.089488596, 71.9474627519, 1
14.7288864648, 0.515285454644, 0.0349846850864, 0.0995699609649, 3.14159265359, 262.162304433, 4.31661974057, 0.200879805313, 0.0465363681273, 8.99307997515, 0.496831216504, 0.0552459466475, -1158.26896359, -43.6302639809, 30.1933182589, 1
11.1980330427, 0.233221647437, 0.020827019044, 0.0677418188251, 3.14159265359, 188.732741996, 0.335358511828, 0.029418212483, 0.0877216812617, 10.8623880431, 0.218470312973, 0.0201125491103, 2327.56925946, 79.6538909208, 33.2772209273, 1
3.07690312481, 0.108825421908, 0.0353684914648, 0.0447011174535, 3.14159265359, 170.691827378, 1.20029545467, 0.0605428042052, 0.0504399179131, 1.87738833445, 0.0651704387104, 0.0347133501975, -1837.52849613, -11.7832100768, 16.1885835943, 1
17.3940157308, 0.628311844111, 0.0361222994066, 0.0213038259252, 3.14159265359, 126.81772976, 4.37336864485, 0.173524548452, 0.039677548943, 13.0233127261, 0.474141320525, 0.0364071208683, -2426.74030869, -1.97915619905, -54.6574213714, 1
9.25227264121, 0.145745097059, 0.0157523564977, 0.397766343378, 3.14159265359, 144.571975708, 1.26772427244, 0.435334598539, 0.343398488143, 5.64405998617, 0.296394000259, 0.0525143249691, 2375.68171453, 203.494384561, -209.789423331, 1
10.0954289779, 0.300917664148, 0.0298073182236, 0.0352665771554, 3.14159263869, 206.048698825, 9.25690668517, 0.280979612236, 0.0303535102808, 0.838903126543, 0.0341044366832, 0.0406536054094, -1364.33717965, -33.2955562128, 10.9170085098, 1
8.3311130892, 0.251595520992, 0.0301995085528, 0.100798709782, 3.14159265359, 245.00488428, 5.07409341763, 0.332756943174, 0.0655795855114, 3.27592327269, 0.138450590372, 0.0422630748182, -478.069748196, -31.1820828387, 34.267471161, 1
9.06085678649, 0.507018039915, 0.0559569643205, 0.066481143794, 3.14159265359, 395.430772667, 5.28023074118, 0.224989663589, 0.0426098166192, 3.78552987518, 0.328434192643, 0.086760428123, -1968.90285464, -53.1795175249, -86.3429725104, 1
10.4342186947, 0.560111919272, 0.0536802932411, 0.111696788594, 3.14159263869, 351.956219896, 8.75984676331, 0.444693923108, 0.0507650344947, 1.7105076627, 0.187330017426, 0.109517204459, 1993.28709216, -108.330173135, -96.8743796453, 1
109.910768494, 1.46233216796, 0.01330472153, 0.0905451072339, 3.14159265359, 103.050743168, 8.15354645096, 0.484977578366, 0.0594805685211, 87.6335331802, 2.81989519097, 0.0321782665681, -2308.52712421, 10.5085246733, 37.5046435358, 1
62.1906179991, 2.69301476612, 0.0433025889235, 0.0745175212506, 3.14159265359, 209.340291241, 6.4408061512, 0.152007023045, 0.0236006207106, 55.7705052876, 2.84421153301, 0.0509984895842, -2447.0133599, -7.19848325604, -2.68304947695, 1
26.2189828016, 0.61037278732, 0.0232798042525, 0.0616081599809, 3.14159265359, 65.9311403474, 6.03543749694, 0.185357054236, 0.0307114528698, 20.0086298362, 0.664708697938, 0.0332211002642, -2282.37864387, -44.6531094243, 20.9900842916, 1
98.6414803789, 4.19511014762, 0.0425288644444, 0.101167263652, 3.14159265359, 193.298423841, 57.6732345113, 3.84558600051, 0.0666788681629, 22.4170254283, 0.775929040395, 0.0346133809269, -2340.41552296, 21.7632214869, 10.3702740579, 1
9.30945228272, 0.49977281692, 0.0536844490677, 0.0713348933244, 3.14159265359, 547.489383095, 6.79562404345, 0.299048570485, 0.04400604986, 2.51527251021, 0.23387566504, 0.0929822371496, 2128.41044829, -200.565353914, -157.528658851, 1
9.70244701542, 0.350690663913, 0.0361445585176, 0.0422904458328, 3.14159265359, 193.692001185, 0.498588686331, 0.0260393814076, 0.0522261778526, 9.20440542365, 0.334442454186, 0.0363350416233, -2145.64761803, -44.993648438, -32.1683824515, 1
9.45077081431, 0.302110448118, 0.0319667521363, 0.0310292625067, 3.14159265359, 256.883505274, 1.11188222515, 0.00479287922452, 0.0043105997345, 8.33968514505, 0.292987291901, 0.0351316970372, -1043.29572424, 75.7664330465, 9.67562357674, 1
6.24425639479, 0.372355339299, 0.0596316543968, 0.0569983578855, 3.14159265359, 331.107658293, 3.58772669057, 0.270172334591, 0.0753046031353, 2.65844096471, 0.13560933626, 0.0510108511191, -2045.64943963, -18.7912378693, -21.2968200018, 1
38.8624411809, 2.01696910434, 0.0519002163284, 0.036551856649, 3.14159265359, 158.931814888, 36.5743860005, 1.97670836726, 0.0540462488483, 2.29115303411, 0.0406357940351, 0.0177359580221, -2418.16834422, -54.863191645, 75.7121136719, 1
4.42182930746, 0.206408391636, 0.0466794119094, 0.051212581694, 3.14159265359, 296.934493463, 2.74174486001, 0.0897803000431, 0.0327456800786, 1.68655030519, 0.126184203038, 0.074817930215, -1997.04888938, -28.1522288884, 47.4652016055, 1
1.68290343373, 0.0998420793377, 0.0593272776897, 0.0224888952835, 3.14159265359, 444.916897352, 0.922831395891, 0.052661162023, 0.0570647707236, 0.757504160848, 0.0518878030627, 0.0684983736652, 1279.1809304, -77.4785825456, 100.585878952, 1
11.4815392971, 0.284544160745, 0.0247827537216, 0.0370341812643, 3.14159265359, 122.679150866, 11.026236957, 0.309650292599, 0.0280830435449, 0.455808019317, 0.0266643565633, 0.0584990948674, 791.674295752, 38.6323326504, -66.7068856203, 1
25.8392475075, 0.646734446999, 0.0250291517511, 0.0928517170596, 3.14159265359, 190.828413641, 16.8784653393, 0.925490575299, 0.0548326258753, 9.06208143148, 0.375818447727, 0.0414715372588, -2375.33701095, -15.4884434578, -76.3056056009, 1
5.92661861647, 0.0648228268348, 0.0109375735187, 0.0578227336206, 3.14159265359, 78.0925225787, 2.45385423105, 0.0570494498769, 0.0232489155855, 3.46887436685, 0.120490437099, 0.0347347365043, -2300.68197015, 5.56461531329, 56.7768140061, 1
8.27823866815, 0.237501001381, 0.0286897987485, 0.156964272, 3.14159263252, 102.218645053, 6.50921292359, 0.40141529021, 0.0616687908234, 1.78911666407, 0.17227356649, 0.0962897333356, -1577.28776311, -34.982954977, -78.9190459756, 1
218.564717248, 3.25743440633, 0.0149037522952, 0.0754793677359, 3.14159265359, 184.590268184, 214.059366605, 3.36242292601, 0.0157078990718, 2.08483087332, 0.152773806636, 0.0732787530111, 1419.73616971, 55.9093127337, 6.13160415692, 1
8.57206926977, 0.153950042379, 0.0179594958386, 0.0108998958479, 3.14159263869, 68.1836961255, 5.62174023362, 0.120248573621, 0.0213899199579, 2.95132903729, 0.0321622754529, 0.0108975566758, 2411.85245196, -47.6148806213, -93.5600158396, 1
3.24067588817, 0.112344434419, 0.0346669763642, 0.136374148826, 3.14159265359, 283.585594957, 2.50352032864, 0.163298145732, 0.0652274095254, 0.742448340117, 0.0536383217383, 0.0722451904598, 2448.56582943, 35.2535876399, -173.55257371, 1
24.559773119, 1.2833884266, 0.0522557118252, 0.0282374638694, 3.14159265359, 150.243381503, 9.89229506696, 0.570209305512, 0.0576417607494, 14.6707876126, 0.755498079185, 0.0514967634416, -351.816205878, 93.4389197266, 187.806397994, 1
32.1088029815, 0.0419770952046, 0.00130733915022, 0.0513769419283, 3.14159265359, 17.8618895836, 19.1111133097, 0.371793034692, 0.0194542844609, 12.9308123561, 0.412765504292, 0.0319210806657, -2477.37526405, 15.4472951627, -9.86147944885, 1
32.6449337379, 0.439862454443, 0.0134741414387, 0.025258413568, 3.14159265359, 111.162314816, 1.27331730992, 0.023337186429, 0.0183278639559, 31.3661321011, 0.444607653755, 0.0141747682603, -2194.04580187, 25.0586933806, 68.9023738067, 1
51.6897702747, 2.79218743561, 0.054018182336, 0.0339094632031, 3.14159265359, 333.213669645, 48.1317214453, 2.61731641775, 0.054378200886, 1.73955833727, 0.0379852425449, 0.0218361418132, -2213.4984786, 17.3208459548, -69.4512487325, 1
11.1894425577, 1.11498939652, 0.0996465543993, 0.0361556535627, 3.14159265359, 919.348622546, 0.857229294654, 0.0776547912349, 0.0905881211936, 10.325158226, 1.04675805888, 0.101379372206, 369.193955174, 65.5850759037, 158.2348717, 1
6.42250120864, 0.431841386054, 0.0672388174054, 0.0439260628022, 3.14159262778, 307.394345348, 2.20912720062, 0.153395616428, 0.0694372041524, 4.21512021422, 0.298234559621, 0.0707535122285, -1825.45140883, -21.6363892196, 54.6439701606, 1
3.17834212447, 0.181080306187, 0.0569731951739, 0.0829279043283, 3.14159265359, 409.59704872, 0.746242961866, 0.0265212783245, 0.035539736627, 2.43513541293, 0.17726196287, 0.0727934725638, 112.749395169, -148.772172636, -134.086298544, 1
8.24389307815, 0.482009796027, 0.0584687102875, 0.1373860685, 3.14159263869, 307.689508121, 0.78975606331, 0.0560810944397, 0.0710106538527, 7.46195966828, 0.531193965327, 0.0711869252772, -1576.43176892, -7.0162570589, 22.5970146498, 1
3.18654725661, 0.00195360278374, 0.000613078239993, 0.0886258221003, 3.14159265359, 43.097703023, 2.35052301295, 0.0555479057562, 0.0236321471647, 0.84064519823, 0.054658451536, 0.06501964402, -1390.41130464, -1.29144772113, -39.5003200333, 1
43.955055688, 1.23700513491, 0.0281424995497, 0.204753130625, 3.14159265359, 127.834864332, 42.5977962207, 1.45914475215, 0.0342539962535, 1.45996536449, 0.248617880517, 0.17029025932, 1325.16373911, 92.5980707811, 67.9936770574, 1
31.723260474, 1.47145884832, 0.0463842248978, 0.127195750334, 3.14159265359, 251.668657856, 23.4003593133, 1.80175969242, 0.0769970951426, 8.2005770459, 0.472947354696, 0.0576724481763, -2424.49653707, -23.3906970798, -19.3566948522, 1
8.75268544393, 0.527062463581, 0.0602172289816, 0.0596213891984, 3.14159265359, 294.867012877, 8.20056632323, 0.472946736293, 0.0576724481763, 0.553736065054, 0.05777273751, 0.104332625516, 1127.36445084, 62.3129609638, -199.161145328, 1
9.65874560387, 0.838146926218, 0.0867759604189, 0.0925506196623, 3.14159265359, 463.485410159, 8.71955635693, 0.832959826254, 0.0955277759737, 0.957283137357, 0.0115307106165, 0.0120452457235, -1748.92228588, -41.8632392419, -6.8718473411, 1
12.6192737069, 0.526025135916, 0.0416842639387, 0.0202435421409, 3.14159265359, 39.801941019, 6.12574464958, 0.20633196825, 0.0336827569631, 4.72015661706, 0.247641939914, 0.0524647718296, -2465.05233905, 21.0091664296, 167.223009999, 1
19.5466129311, 1.58163493652, 0.0809160616264, 0.134406253539, 3.14159265359, 549.392222627, 1.51753324643, 0.0655534745784, 0.0431973894032, 13.4958778612, 1.37904083762, 0.102182373892, 286.676148149, 116.881842343, 40.8628998962, 1
5.11170171633, 0.211420534519, 0.0413601078959, 0.17479792605, 3.14159265359, 376.443733272, 4.71118628665, 0.223801301627, 0.0475042352414, 0.406195668971, 0.0614500930176, 0.151281999568, -697.857321511, -124.416502193, 216.973207405, 1
15.7360718807, 0.506390895882, 0.0321802607234, 0.0452694679372, 3.14159265359, 134.47329023, 0.578750744707, 0.0306586503311, 0.0529738416952, 15.105858611, 0.483582901383, 0.0320129370885, -2357.99808603, -10.2273939267, -27.7400871302, 1
12.1488143046, 0.536217191128, 0.0441374094363, 0.0612433300326, 3.14159265359, 191.126441246, 1.08125012487, 0.0687678114591, 0.0636002807097, 11.0664518943, 0.496459882467, 0.0448617033903, -1717.77061018, -35.6913955392, 43.490312717, 1
9.71792440567, 0.423078777124, 0.0435359197565, 0.127821311692, 3.14159265359, 309.97177593, 7.43515737952, 0.243679976211, 0.0327740172498, 2.30591310372, 0.314246411353, 0.136278514072, -6.15725790568, 71.7449247369, -47.2582190358, 1
5.87305369, 0.178408928298, 0.0303775408357, 0.225192980196, 3.14159265359, 243.581995655, 4.59200504344, 0.239608555047, 0.052179506072, 1.31152935193, 0.242156826056, 0.184636985592, 1198.43308667, 41.5674385427, 55.2551144586, 1
2.5024888071, 0.0653361660473, 0.0261084748359, 0.0519150522299, 3.14159265359, 198.167503681, 0.781188556777, 0.0378363379595, 0.0484343218181, 1.72088172235, 0.0472186898753, 0.027438660811, -1324.176102, 87.2296727406, 11.1398572062, 1
2.79790774851, 0.0758784420291, 0.027119708314, 0.0920882559842, 3.14159263869, 114.22214842, 2.2068062597, 0.099204706867, 0.0449539720267, 0.590319216658, 0.0287024691588, 0.0486219461418, 846.925185082, -40.5591678429, -97.4943738312, 1
2.07601034231, 0.0507901741753, 0.0244652799363, 0.094899063584, 3.14159265359, 150.37847762, 1.24475629897, 0.0376312332101, 0.0302318078174, 0.833041239009, 0.0647783341811, 0.0777612573637, -1679.58765664, -18.6432369521, -18.6331177534, 1
42.0695962976, 0.723759231654, 0.0172038549297, 0.171152074432, 3.14159265359, 134.816162475, 40.7356885181, 0.822208145388, 0.0201839756562, 1.54280233372, 0.23873002979, 0.154737923694, 913.549526436, -3.31803810439, -33.2230777085, 1
13.0921812567, 1.26082239001, 0.0963034627528, 0.0681828056612, 3.14159265359, 489.917019231, 11.3104124004, 0.581073830336, 0.0513751231844, 11.7303226375, 0.212337171638, 0.0181015627787, -2040.24221472, 27.5539357836, 17.9019603295, 1
38.339315319, 0.322941017463, 0.00842323382086, 0.111017900853, 3.14159265359, 77.4000511839, 24.6377255819, 1.07131746522, 0.0434828069525, 13.7506526082, 0.943735773086, 0.0686320715077, -2476.10859474, 5.89069583561, -60.7222502182, 1
2.5126121842, 0.256442150143, 0.10206197031, 0.0440935218003, 3.14159265359, 783.441820368, 1.96321437548, 0.215049796902, 0.109539640493, 0.550466772467, 0.0399440484913, 0.0725639593326, 1235.57840362, -41.3499500049, -131.032416418, 1
2.2075202477, 0.235760141156, 0.106798631361, 0.0621986049754, 3.14159263869, 796.624077674, 0.550467375245, 0.0399440922312, 0.0725639593326, 1.65829042519, 0.195945127437, 0.118160923117, 971.31631103, -55.6550417976, -118.705697503, 1
2.02902350838, 0.0616184124057, 0.0303685059099, 0.0607798560251, 3.14159265359, 345.330801837, 0.652818963542, 0.0445212979022, 0.0681985364834, 1.37670465646, 0.0319247189959, 0.0231892286019, 1326.94337934, -112.788788924, 34.0535952759, 1
13.9660757873, 0.54388695633, 0.0389434344058, 0.0801477866103, 3.14159265359, 267.385733848, 6.68337571202, 0.0884080397053, 0.0132280517383, 6.04250523615, 0.49205894092, 0.0814329357922, -1956.76806895, 26.666500071, -65.3875670772, 1
1.02703953977, 0.138251809196, 0.134611963652, 0.265705050415, 3.14159265359, 1620.95899667, 0.69350249945, 0.0539509720027, 0.0777949207761, 0.338857816185, 0.0991139923773, 0.292494337281, 1814.9369041, -26.9843440147, 494.683500973, 1
114.639779141, 3.96988221168, 0.0346291857978, 0.0659957567547, 3.14159265359, 155.427439413, 112.136233648, 4.03667667215, 0.0359979690847, 2.48615372694, 0.082199614536, 0.033062965353, -2469.37547331, 2.19620694917, -20.9061680389, 1
52.668614489, 0.152744318312, 0.0029001013183, 0.0442084933007, 3.14159265359, 15.3162146509, 31.799818593, 0.569812381164, 0.0179187305581, 13.150855354, 0.349334086393, 0.0265636019094, -2443.38032954, -1.51370945603, 18.0696095116, 1
89.5121591226, 3.37089471252, 0.0376585119336, 0.0501012489509, 3.14159265359, 271.419195099, 0.365216678631, 0.0054514341738, 0.0149265750793, 89.1929550536, 3.37474772169, 0.0378364829337, -599.913147447, -16.4812781391, 15.4958231168, 1
40.5667540641, 2.34509283168, 0.0578082443563, 0.0253216455299, 3.14159265359, 313.977483215, 39.2597274553, 2.30947104951, 0.0588254478369, 1.27708467037, 0.0475870148592, 0.0372622238473, -453.972861469, 3.53358596798, -78.0307607331, 1
36.6534586624, 1.72817022186, 0.0471488990378, 0.126440689484, 3.14159263252, 234.412539996, 15.6467598208, 0.839983249685, 0.0536841658787, 19.0324746059, 1.41219278272, 0.0741991155621, -1757.58028219, -27.3926759605, 34.2578788015, 1
68.9369140276, 1.39059521018, 0.0201719968147, 0.113061479956, 3.14159265359, 72.0477914308, 56.7638792562, 2.26131733837, 0.0398372586229, 12.1058053838, 0.885596033458, 0.0731546564135, -2468.20729151, 2.01296913564, -24.1057937876, 1
3.20018810518, 0.408027247715, 0.127501020036, 0.552624774689, 3.14159265359, 987.290086657, 3.5633794569, 0.286674750158, 0.0804502449503, 0.277481168699, 0.127739158539, 0.460352531806, 1975.74076446, -31.8724434195, -196.690767661, 1
16.9530855268, 0.181967198291, 0.0107335740154, 0.0942301999137, 3.14159265359, 108.780708968, 15.3962404417, 0.261301507042, 0.0169717735983, 1.56313626992, 0.125538183617, 0.0803117335535, -2475.49086895, 66.6529310906, -65.0947891726, 1
6.78219940013, 0.162692974102, 0.0239882322096, 0.0878644657107, 3.14159265359, 255.976529287, 0.764663027529, 0.0568030634683, 0.074285092156, 6.01986654622, 0.180103516111, 0.0299181908317, -1066.30731175, -4.82485831246, 211.929952404, 1
133.579706484, 1.26381898155, 0.00946116004306, 0.0327739186282, 3.14159265359, 18.2628976743, 132.681979961, 1.28836076424, 0.00971014123108, 0.452885517565, 0.0191380026895, 0.0422579260038, 989.049431195, 30.8561128885, -56.4836772626, 1
27.1583831022, 1.3806292679, 0.0508362100462, 0.0615284590533, 3.14159263869, 357.706655596, 22.8624678023, 1.16684906596, 0.0510377565559, 2.3545866671, 0.0788519882469, 0.0334886752519, -1368.2428164, -88.2787174231, -28.6928681396, 1
49.6202050044, 0.249921697122, 0.00503669215192, 0.0496070343342, 3.14159265359, 33.8798204202, 32.9899667917, 0.693935140962, 0.0210347329339, 16.6363472043, 0.480328461247, 0.0288722311064, -2463.35579725, 8.88152997549, 7.2358093288, 1
3.93731066448, 0.0528366822165, 0.0134194852068, 0.10569306909, 3.14159262778, 83.2083425857, 1.46538087226, 0.085517197983, 0.0583583419179, 2.47706993138, 0.121836404569, 0.0491856943666, -1511.97430157, 10.8481123161, -10.2033059581, 1
46.1394592038, 0.841916947298, 0.0182472218319, 0.089017421142, 3.14159263869, 114.398324518, 38.7532750111, 0.79217310596, 0.02044144929, 6.15681863056, 0.423682597856, 0.0688151825283, -1247.63108378, -39.9650401009, 15.2988797154, 1
18.9038899675, 0.901885480222, 0.0477089890902, 0.0923809681669, 3.14159265359, 666.090754613, 16.5274042391, 0.801110375365, 0.0484716392106, 1.12450545669, 0.0503357504397, 0.0447625666377, 1893.63097449, 168.22175437, -158.828805165, 1
6.23982819001, 0.129779510622, 0.0207985711577, 0.0230457508077, 3.14159265359, 52.8580807735, 2.12284828547, 0.0757526739879, 0.0356844502297, 4.11729259564, 0.054949361692, 0.0133459938577, -879.65685402, -42.2917495317, -73.164395285, 1
49.7594562141, 1.62738472751, 0.0327050344061, 0.160291181831, 3.14159265359, 161.670890682, 49.4136305798, 1.67198206044, 0.0338364544524, 0.336549761146, 0.0427160560935, 0.126923447956, -188.559486643, 91.8422232467, 47.2209087019, 1
44.8889405053, 3.12379446766, 0.0695894006965, 0.0760343811748, 3.14159265359, 312.705274892, 39.4224054587, 2.84778098379, 0.072237626057, 6.63077423195, 0.202398892715, 0.0305241719345, -1824.40535731, 22.9771146242, 72.8518634828, 1
30.1348591701, 1.53630059625, 0.0509808453917, 0.153889648697, 3.14159265359, 216.136923699, 26.0819236738, 1.85057609997, 0.0709524390575, 4.0732525637, 0.341034485825, 0.083725347371, -2027.93014109, -49.3828558105, 74.2080479193, 1
4.74398795984, 0.176362998, 0.0371761057348, 0.282735741263, 3.14159263252, 96.1932506935, 0.604695727031, 0.12612245848, 0.208571770631, 4.16102538868, 0.301913906004, 0.0725575736273, -118.961297219, -6.55599002726, -168.288066155, 1
4.50916470848, 0.0860725722854, 0.0190883628898, 0.0494945519471, 3.14159265359, 103.898242804, 2.76136177478, 0.0522212173101, 0.0189114000878, 1.74942357693, 0.076882377706, 0.0439472628126, -2196.59939008, 57.7632186356, 44.6675418585, 1
56.1175019295, 0.84684122276, 0.0150905010673, 0.0992455600084, 3.14159265359, 56.3511251171, 20.1718757148, 1.54861966756, 0.0767712278945, 35.9991295526, 0.86990208619, 0.0241645311151, -2475.26698793, 4.80916447741, 40.1131411236, 1
60.277286824, 1.98346504805, 0.0329056789474, 0.0725780543399, 3.14159265359, 165.340328069, 56.271408812, 2.10431975945, 0.0373958961376, 4.38544222984, 0.192173910256, 0.0438208737419, -2342.04287766, -7.48242082881, -20.0701592974, 1
28.5586587842, 0.421698276786, 0.0147660392588, 0.103853435476, 3.14159265359, 111.328103114, 21.2622459993, 0.535550908113, 0.0251878803458, 5.55511308795, 0.44206188151, 0.0795774765538, -2139.32231408, 59.9749832552, 45.1456673014, 1
7.41085677828, 0.329707510048, 0.0444897965123, 0.0809951657516, 3.14159265359, 197.440237009, 1.69356966361, 0.1806840157, 0.106688268916, 5.7235286237, 0.148753451862, 0.0259898153119, 242.506665008, -5.10543723802, 145.621116675, 1
5.48738786134, 0.590646544746, 0.107637105244, 0.0909803406943, 3.14159265359, 747.028543931, 0.649388451293, 0.105615675893, 0.162638672867, 4.84318614463, 0.491215539806, 0.101424047133, 1709.38594468, 102.066764507, -222.630306282, 1
6.57249003709, 0.302580352502, 0.0460373999495, 0.0784881940392, 3.14159265359, 211.861961254, 2.84768085361, 0.18172531379, 0.0638151966923, 3.73032400736, 0.213805505991, 0.0573155322618, -2357.47542586, 52.6958695877, -46.6176780401, 1
103.75785067, 2.0366483125, 0.0196288598825, 0.103347587317, 3.14159263252, 165.677422607, 93.457025241, 1.96138222607, 0.0209869961195, 6.38689528539, 0.535517533351, 0.083846299246, -883.548395808, 21.3948929784, 38.2476492161, 1
12.5071997172, 0.561068056387, 0.0448596063925, 0.0134855894835, 3.14159265359, 245.850889142, 9.34842509165, 0.451350249579, 0.048280886369, 3.17149067701, 0.110564991729, 0.0348621525297, -1958.33259004, 18.9020903358, -21.9003773024, 1
61.5265080389, 2.17930933532, 0.0354206569621, 0.12598811378, 3.14159263869, 271.258999062, 0.433430341612, 0.0446240403954, 0.102955506598, 59.6928408115, 2.08468316086, 0.0349235039331, 261.090486064, -10.266152439, -11.4858152195, 1
46.3712271202, 1.88177321566, 0.0405806214872, 0.116913662952, 3.14159263869, 199.121308599, 25.5842393108, 2.31918425684, 0.0906489432288, 20.4106992703, 0.547588022686, 0.0268284792909, -2448.06225347, -13.4608288894, 0.300175337102, 1
54.96456615, 1.52364048835, 0.0277204132602, 0.150978697884, 3.14159263252, 134.270898395, 38.555489107, 2.73521598741, 0.070942323668, 21.440986259, 1.99542421074, 0.0930658779704, -2197.67180632, 13.4744544508, 1.26193570234, 1
71.6395351658, 1.32694384408, 0.0185225077327, 0.0305435870505, 3.14159263869, 78.6637196427, 70.0126784692, 1.28641651108, 0.0183740508035, 1.67055553795, 0.0638631834554, 0.0382287101534, -2348.69996412, 0.341280097328, -12.3616863131, 1
7.81115064381, 0.271896648337, 0.0348087830763, 0.190728531813, 3.14159265359, 326.173024831, 5.2353866002, 0.173288522413, 0.033099470134, 2.59664583831, 0.41451221805, 0.159633713591, -497.195676847, 17.0809894992, 105.780976366, 1
10.9386514511, 0.458712754174, 0.0419350370771, 0.16512902042, 3.14159265359, 310.614082504, 2.59664497749, 0.414512080634, 0.159633713591, 8.38578139728, 0.248329856439, 0.0296132041457, -184.402384088, 59.4176151114, 58.9220419519, 1
28.8067239835, 1.24416418777, 0.0431900617535, 0.0877772142956, 3.14159265359, 233.639003505, 26.8586196689, 1.30012447984, 0.048406228461, 1.95032549819, 0.0967064011047, 0.0495847494146, -2425.16809226, 35.9347326075, 35.8620874015, 1
13.9640482719, 0.607934445543, 0.043535687768, 0.0605641017809, 3.14159265359, 302.799663903, 12.452288546, 0.49279619458, 0.0395747490721, 1.52028682074, 0.135163158005, 0.0889063538284, -1902.27551169, -87.1099079936, -44.5570522945, 1
85.4599486917, 3.69241039366, 0.0432063258894, 0.116013160439, 3.14159262778, 274.195332449, 80.383345201, 4.15936844081, 0.0517441570815, 5.10151433073, 0.417828906888, 0.0819029174085, -53.7594674869, -6.1674923396, 35.741928357, 1
163.336209042, 8.77009664932, 0.053693523933, 0.106226443625, 3.14159265359, 228.467782631, 162.204676647, 8.9066068629, 0.0549096798381, 1.89580196277, 0.0979523533218, 0.051668030335, -2463.03891727, 46.860091375, 30.0339662479, 1
35.1651116562, 0.616116908987, 0.017520686839, 0.09464977781, 3.14159265359, 89.8161496346, 34.2860463505, 0.682034127718, 0.0198924693954, 0.900501304768, 0.0674487017961, 0.074901281585, -1360.25564524, 39.2942096388, -5.12414411609, 1
19.7332325401, 0.458441712678, 0.0232319622113, 0.0337848761718, 3.14159265359, 143.132129056, 15.2490503752, 0.360040937848, 0.0236107120765, 4.48301100999, 0.16679635619, 0.0372063231204, -1964.53794709, 17.7545143747, 46.6364827242, 1
14.1382414478, 0.268597736322, 0.0189979593511, 0.124304362604, 3.14159263869, 110.432203679, 5.5105367241, 0.335665180708, 0.060913337033, 8.57700494732, 0.564852361357, 0.0658565973584, -1556.60232463, 9.4792553212, 20.8184204591, 1
14.3096315556, 0.467249391609, 0.0326527898216, 0.109376466846, 3.14159263869, 121.935679014, 11.6958480977, 0.612729828075, 0.0523886615965, 2.59523582061, 0.147757967823, 0.0569343127315, -1054.91085363, 70.6750006101, 87.4322189335, 1
50.4817995871, 1.38802816332, 0.0274956157401, 0.0225088531754, 3.14159265359, 98.0105405844, 17.2053764353, 0.240964024222, 0.0140051585113, 33.2688350918, 1.16025314519, 0.0348750757876, -2442.23783061, 31.4797950824, 13.0034150544, 1
40.7067235175, 1.98963386391, 0.0488772785425, 0.0239025980652, 3.14159265359, 215.35807841, 37.4735137306, 1.89533096383, 0.0505778822197, 3.20692859756, 0.0995690209734, 0.0310480941326, -2375.18640069, 7.93388717759, -26.6415676568, 1
29.6489618346, 2.29530236442, 0.077415943844, 0.10648104289, 3.14159263869, 419.086196901, 2.72827107486, 0.126566316983, 0.0463906677564, 26.9522079067, 2.43640436133, 0.0903972086354, -1573.8668952, -20.9569112963, -12.4770278915, 1
61.5083745262, 2.59512806591, 0.0421914590639, 0.0670619290751, 3.14159263252, 208.148456388, 43.246941689, 2.58955274756, 0.0598782861036, 18.1868345017, 0.516694902443, 0.0284103812784, -2331.84713121, 0.710313454062, 2.28585842859, 1
86.060967744, 1.59050566655, 0.0184811501456, 0.122312271963, 3.14159265359, 91.6424321677, 73.6818068599, 3.00162844455, 0.0407377149458, 15.2901477429, 1.24718949103, 0.0815681778879, -2390.4111699, -12.9853024495, 4.67291242283, 1
17.4013628071, 0.579022822846, 0.0332745675878, 0.135744950995, 3.14159265359, 206.781937888, 16.5696067725, 0.638695551611, 0.0385462105637, 0.83885193126, 0.088471300472, 0.105467123786, -2436.09263443, -67.5990935065, -49.550281084, 1
15.1553361369, 0.115390298132, 0.00761383958029, 0.0847485103058, 3.14159263869, 30.1949823269, 13.083837646, 0.251050186389, 0.0191878096612, 2.08136693338, 0.136478251885, 0.065571451961, -2041.03117929, 1.94400663742, 9.35438119702, 1
3.65547240101, 0.238900163228, 0.0653541148779, 0.118106554045, 3.14159265359, 252.777910977, 1.10495753184, 0.115658443575, 0.10467229757, 2.55430388221, 0.0342330628913, 0.0134021105044, -2336.72644262, -54.4449897182, -61.987575061, 1
40.6968842371, 1.76525107869, 0.0433755829662, 0.0460744432969, 3.14159265359, 214.694264573, 36.4142716772, 1.75641054777, 0.0482341254369, 4.29629066903, 0.01134744947, 0.00264122014645, -2456.28379503, -27.7723135604, 31.850274993, 1
9.22323381164, 0.290891674646, 0.0315390112173, 0.0271002223248, 3.14159265359, 167.849669968, 3.4001347043, 0.165506399934, 0.0486764244149, 5.82267607767, 0.125738382186, 0.0215946036683, -1798.98112097, -12.1027300697, -2.63271259628, 1
2.07586744435, 0.725378228878, 0.349433790126, 0.24750479235, 3.14159265359, 3379.56523433, 1.87910383835, 0.679261321016, 0.361481524944, 0.371874648159, 0.046425959804, 0.124843035237, 2458.38397831, 187.402533056, 141.942143431, 1
46.1557522967, 1.5550057037, 0.0336903988415, 0.0685989314016, 3.14159265359, 282.1227188, 44.7441078993, 1.54453756528, 0.0345193509893, 1.48472798914, 0.112870543799, 0.0760210251468, 847.85193645, -7.90620880495, -7.31672584694, 1
14.8272453311, 0.658675227754, 0.0444233040627, 0.0153004750374, 3.14159265359, 105.444853042, 11.5733780948, 0.505000091059, 0.0436346317319, 3.19864904777, 0.156100999795, 0.0488021653717, -2466.15810189, -61.2156216989, -87.1767100463, 1
15.6146169785, 0.335992218528, 0.0215178008523, 0.053143678684, 3.14159265359, 63.71295966, 3.41424199682, 0.14524735906, 0.0425416122219, 12.1985911002, 0.325507792327, 0.0266840481539, -2111.72879488, -41.1693502285, -38.1539941034, 1
43.2309657111, 0.899539835697, 0.0208077663985, 0.134670691171, 3.14159265359, 12.3006097958, 4.91118952495, 0.511158059055, 0.104080295916, 38.399314827, 1.60016279173, 0.0416716495838, -174.723409684, -59.9269932, 132.769204102, 1
1.71576758563, 0.135508532475, 0.0789783730672, 0.194507550992, 3.14159265359, 814.464991125, 0.709025213158, 0.0254969584077, 0.0359605807163, 1.01525075862, 0.160365932661, 0.157956969053, 1345.8521031, 157.832811088, 138.435735134, 1
33.8290135497, 1.02477004678, 0.030292637569, 0.0239269654502, 3.14159263869, 179.362550851, 29.7800815638, 0.969978422948, 0.0325713823473, 4.05228307043, 0.0780062844245, 0.0192499593609, -2418.97009478, 21.1702952243, -42.3293054357, 1
28.8800687487, 0.733672339198, 0.0254041063954, 0.0356908793967, 3.14159265359, 115.327255521, 20.6407810015, 0.665089057872, 0.0322220878088, 8.24198434197, 0.197135441508, 0.0239184440698, -2456.52031331, -3.41642279527, -8.420388678, 1
21.2943960657, 1.35280407289, 0.063528642405, 0.0569293370528, 3.14159265359, 248.457261834, 3.16662331636, 0.162862950165, 0.0514311093852, 18.1780146374, 1.24764288329, 0.0686347166165, -2380.27618421, -24.4522887292, -55.1842768255, 1
5.27386979184, 0.179543431768, 0.034043963703, 0.0967069738102, 3.14159265359, 157.039344428, 3.68152171091, 0.208243808833, 0.0565646015929, 1.59773979539, 0.0785844911686, 0.0491847867815, -2251.55645297, -2.40490208531, -15.8176229131, 1
21.0411137743, 1.52752733377, 0.0725972660078, 0.163504004195, 3.14159265359, 446.496126935, 17.3744112022, 1.46614814589, 0.0843854867266, 1.4755355462, 0.116657744665, 0.0790612906379, -1435.29718539, -0.226591637254, -29.7763183041, 1
35.7942214983, 0.463746114139, 0.0129558932902, 0.0628425845007, 3.14159265359, 72.9568468703, 25.3599379082, 0.730369139954, 0.0288001154655, 9.2717566524, 0.321561194027, 0.0346817982916, -2460.01342961, 9.65130765372, -7.43660939575, 1
8.58990996499, 0.272193358504, 0.0316875682764, 0.0398679772036, 3.14159263252, 415.249769993, 3.68019523998, 0.141060485119, 0.0383296200122, 3.11170772464, 0.0955589277672, 0.0307094805244, 1691.36844874, 132.490943295, -7.11824410767, 1
44.7840223708, 3.24424112544, 0.0724419324951, 0.112697851244, 3.14159263869, 368.308917703, 42.2861825932, 3.29416147816, 0.0779016046411, 2.48225757606, 0.1390803616, 0.056029786329, -2398.96587888, 14.7372832558, -12.3737095359, 1
20.6510064837, 0.633495904834, 0.0306762726231, 0.100861917376, 3.14159265359, 104.884387155, 1.54451669684, 0.147062360103, 0.0952157787637, 19.2764636201, 0.643053446551, 0.0333595134058, 1399.61329932, 155.41915766, 49.5846050986, 1
3.36558899005, 0.107715551681, 0.0320049631726, 0.0557990434379, 3.14159265359, 196.806280646, 0.674466715368, 0.0215930136485, 0.0320149432973, 2.69175662975, 0.108727797434, 0.0403928781052, -1933.20320747, 16.1903011342, -32.8481108181, 1
27.059626288, 0.2244148366, 0.00829334574734, 0.0689689636944, 3.14159265359, 26.1078706772, 13.5203397218, 0.577754199259, 0.0427322250143, 13.5487066358, 0.356066552568, 0.0262804828638, -2461.54210704, -16.7100646076, 4.03613485916, 1
27.9889429166, 0.781069388781, 0.0279063554172, 0.166492763849, 3.14159265359, 227.638841198, 26.9729079689, 0.85728135371, 0.0317830526356, 0.867992891863, 0.124617652525, 0.143569899816, 1824.90237742, -9.23651854041, -27.4806631827, 1
19.0041893589, 0.34202201688, 0.0179971905363, 0.0745292610781, 3.14159263252, 102.772844171, 5.84151071781, 0.272512680507, 0.0466510623145, 13.1684909762, 0.457229498089, 0.0347214801539, -2462.74446546, -1.07330366934, -31.9900996871, 1
25.2426500497, 0.618886088135, 0.0245174768464, 0.0289924918706, 3.14159265359, 117.049834616, 13.613529242, 0.501076756873, 0.036807263419, 11.6327346079, 0.152457908955, 0.0131059388952, 1421.79028009, -33.3324540155, 137.450667865, 1
8.59183905631, 0.28644185083, 0.0333388287365, 0.0500384511125, 3.14159263869, 163.037644916, 2.82964842929, 0.122398134978, 0.0432555980139, 5.76209327221, 0.271615088934, 0.0471382666164, -2470.77279428, 2.22577006668, 11.1260343159, 1
10.0546788282, 0.2110843633, 0.0209936455362, 0.0338040524439, 3.14159265359, 135.143859922, 6.72199595032, 0.210513478658, 0.0313171088191, 3.2743271276, 0.0233365813426, 0.00712713801438, -2347.55029237, 16.3925877083, 49.0565861185, 1
7.86361526354, 0.74018286593, 0.0941275534374, 0.136565497036, 3.14159265359, 947.40917796, 8.04610926243, 0.679466304898, 0.0844465669974, 0.520706152979, 0.114196916089, 0.219311631783, 1405.06699629, -203.108578667, -14.4159978203, 1
12.2506357129, 0.161186686079, 0.0131574140196, 0.0763344489282, 3.14159265359, 65.6107164864, 10.0391573227, 0.167740785127, 0.0167086519052, 2.19675652541, 0.143832289291, 0.0654748433099, -1841.99473015, 53.5045947248, 64.2695586225, 1
5.86182923845, 0.365968508187, 0.0624324751371, 0.0675717471251, 3.14159265359, 384.821894458, 0.513278717575, 0.0371361247212, 0.0723507978212, 5.34800343854, 0.351321720092, 0.065692126815, 122.781690004, 32.7141101285, -82.1827241527, 1
37.9285964751, 1.08163888254, 0.0285177671482, 0.065032441533, 3.14159265359, 146.741634994, 37.4155368902, 1.09185646596, 0.0291819002668, 0.516031830395, 0.0263952733684, 0.0511504752492, -1215.45678284, -17.4390346178, 21.4578709031, 1
9.18567592439, 0.413663956746, 0.0450335892699, 0.085350115873, 3.14159265359, 188.486205935, 8.69583236473, 0.400774060443, 0.0460880619167, 0.493441165156, 0.0406719636485, 0.082425153231, -126.025246698, 15.1437166312, -130.641445471, 1
76.8777164, 2.51833665342, 0.0327576932737, 0.103860998603, 3.14159265359, 254.33545936, 64.9495880995, 2.98054956411, 0.0458901996352, 11.9710166397, 0.701118696451, 0.0585680161973, -1586.23197797, -42.8463194617, 62.0832329022, 1
6.16540111219, 0.439438275038, 0.0712748882095, 0.0478086834459, 3.14159265359, 399.069890447, 5.18887414149, 0.407193293584, 0.0784743053079, 0.977661951498, 0.0351135985114, 0.0359158893906, -1407.66363921, 44.3778007452, 26.9732983175, 1
24.5662801338, 0.646407446317, 0.0263127930967, 0.112144269086, 3.14159265359, 96.9284375008, 20.1032732011, 0.896419259785, 0.0445907117123, 4.48520167862, 0.321800721459, 0.0717472132842, -2398.44912263, 45.7368969918, -144.798717175, 1
8.72463074071, 0.354096345896, 0.0405858260847, 0.14833072433, 3.14159265359, 195.934805228, 2.17114782908, 0.188779269105, 0.0869490628767, 6.5702279295, 0.47122377977, 0.0717210703839, -2347.43764741, 8.4849845977, -10.9252060545, 1
62.3573893551, 3.28818414838, 0.052731267014, 0.110485928482, 3.14159263252, 475.560932749, 58.4077259986, 3.66773348588, 0.0627953481012, 3.21745160229, 0.315613067679, 0.0980941150613, 389.568559576, 11.6801976795, -73.6359087308, 1
14.4560820406, 0.116504076383, 0.00805917371359, 0.11175564536, 3.14159265359, 133.134028135, 6.40802792238, 0.450463586306, 0.0702967577173, 8.07874818454, 0.334611582847, 0.0414187415183, -2361.77804183, -72.9856189744, -59.1151377664, 1
39.6140558805, 1.38016652521, 0.0348403235805, 0.0154294192243, 3.14159265359, 160.339072864, 20.4762862211, 0.85730568447, 0.0418682213763, 19.0970140002, 0.523627929131, 0.0274193614313, -1969.83596028, 19.0223928556, 12.755712366, 1
