Mother Total Momentum (GeV/c), Mother Transverse Momentum (GeV/c), Mother Fraction of Transverse Momentum, Opening Angle (rad), Decay Angle (rad), Impact Parameter (cm), Daughter1 Total Momentum (GeV/c), Daughter1 Transverse Momentum (GeV/c), Daughter1 Fraction of Transverse Momentum, Daughter2 Total Momentum (GeV/c), Daughter2 Transverse Momentum (GeV/c), Daughter2 Fraction of Transverse Momentum, Decay Z (cm), Decay X (cm), Decay Y (cm), Event type
2.87957310345, 0.22036572827, 0.0765272213462, 0.0430885355256, 3.14159265359, 575.086583493, 2.03424045627, 0.18124352792, 0.0890964130431, 0.8452687217, 0.0390987942685, 0.0462560523828, -2329.21541525, -22.4700914217, 199.587847595, 1
3.2194540355, 0.252218960474, 0.078342152953, 0.223712387064, 3.14159265359, 580.298144109, 1.80673216444, 0.180288634635, 0.0997871395571, 1.02353441254, 0.126355535996, 0.123450207876, 1892.81031053, 170.69227566, 315.0484661, 1
3.45096969265, 0.227488385221, 0.0659201341887, 0.0299740068898, 3.14159265359, 372.600884248, 2.56392835304, 0.17109736566, 0.0667325065684, 0.887321453006, 0.0608483394107, 0.0685753051552, -1386.32576482, -5.06745135369, 25.5473406818, 1
2.36115755712, 0.120693334347, 0.0511161713809, 0.0369307550354, 3.14159265359, 389.200570177, 1.62990705632, 0.0858451814569, 0.0526687587025, 0.731539636497, 0.0445000462376, 0.0608306700244, -38.6413655181, -12.1661659159, 18.2191110819, 1
1.41735075665, 0.0142788444002, 0.0100743195241, 0.0968445894596, 3.14159265359, 117.022194245, 0.473525091249, 0.0354176361812, 0.0747956905257, 0.944270663343, 0.0232036467467, 0.0245730886784, -343.066818432, 43.9122020216, 19.9426084297, 1
2.11965824991, 0.0610497319983, 0.0288016863101, 0.109406182639, 3.14159265359, 125.506246323, 1.16356787406, 0.0640488314497, 0.0550452043905, 0.959259747051, 0.0651893296869, 0.0679579539194, 1287.41207813, -141.085768611, -0.119043046464, 1
2.91618993117, 0.0334779088684, 0.0114800166171, 0.0721293929462, 3.14159265359, 34.8767710373, 2.27529356494, 0.0549334286597, 0.0241434465892, 0.640324479278, 0.0322397987025, 0.050349158506, -1460.77765453, -20.3151181608, 88.2696139633, 1
3.64990375324, 0.204094336222, 0.0559177309925, 0.0619036722185, 3.14159265359, 396.715904237, 0.571416468007, 0.00320588306963, 0.00561041420598, 3.07749469012, 0.192899807571, 0.0626807929809, 2237.08434686, -75.3001947369, 118.136258839, 1
4.28075665096, 0.156150842518, 0.0364773929587, 0.0955259585254, 3.14159265359, 209.893306515, 3.07750536057, 0.190461820499, 0.06188837977, 1.20729333332, 0.0467778095743, 0.03874601829, -1615.54333812, 20.8291881423, 38.8782682155, 1
2.11508748934, 0.187333440705, 0.0885700670299, 0.0507794549159, 3.14159265359, 598.071844073, 0.847717911778, 0.0645152737627, 0.0761046485703, 1.26746708431, 0.128710176784, 0.101549127687, -1109.73519086, -107.819991975, -15.1826199902, 1
12.1399108789, 0.22985138137, 0.0189335311983, 0.0509970727076, 3.14159265359, 159.518601316, 6.03544914059, 0.21024002744, 0.0348341975126, 4.61936860757, 0.106061519885, 0.0229601767892, -1342.20261433, 38.1992351763, 30.2425117583, 1
5.81880393262, 0.290721171521, 0.049962359084, 0.0783736907232, 3.14159265359, 162.217813204, 4.30859480516, 0.295618898824, 0.0686114411291, 1.51091635003, 0.0435640943492, 0.028832896241, -1868.42760824, 53.5780764432, -91.1870087833, 1
9.29062829391, 0.285434194369, 0.0307228085485, 0.0750435814059, 3.14159265359, 143.152844247, 1.1460730921, 0.0405279233739, 0.0353624246599, 8.14853817547, 0.324420423119, 0.0398133280023, -2163.49669503, -10.1864599774, -14.7975911938, 1
6.99373593014, 0.229553478587, 0.0328227260622, 0.0243508888445, 3.14159263252, 321.017594805, 2.98566159118, 0.17519927372, 0.0586802182262, 2.84209613272, 0.11683422202, 0.0411084694409, 1433.72434432, 14.0267557682, -33.9383779658, 1
1.17775227923, 0.0327059861339, 0.0277698347188, 0.050486689825, 3.14159265359, 91.2586777003, 0.545179172189, 0.00917604650798, 0.0168312492041, 0.632450347604, 0.0306334772891, 0.0484361774884, -792.13530325, 20.4988742828, -103.862544029, 1
2.94476935528, 0.101453944488, 0.034452254913, 0.105366198344, 3.14159265359, 242.595229787, 1.9932253195, 0.127894240928, 0.064164467347, 0.955477405956, 0.0485388627292, 0.0508006389545, -1589.7109896, 9.84238463632, 50.3558349846, 1
3.06667825828, 0.115264048522, 0.0375859607086, 0.142260452465, 3.14159263869, 357.282773704, 1.79163398701, 0.0717069093502, 0.040023191048, 1.27957020812, 0.144515645663, 0.11294077085, 779.117618646, 56.5372247155, 122.025393665, 1
15.5760200378, 1.23525734715, 0.0793050692121, 0.0818926748014, 3.14159265359, 421.017776716, 13.5786463096, 1.21507048261, 0.0894839187138, 1.96532377188, 0.0344034323744, 0.0175052237532, -1916.85235504, -29.7996241077, 19.5371301444, 1
5.47474640893, 0.397027021663, 0.0725197099569, 0.024062107896, 3.14159265359, 297.581742828, 3.82239918255, 0.257237713195, 0.0672974487775, 1.65365652422, 0.141578924507, 0.0856156780038, -891.387508035, -1.73096063122, -162.986307308, 1
16.5306720015, 0.431123151139, 0.0260801951124, 0.046928773475, 3.14159263252, 86.9225428346, 7.10719467681, 0.311650998474, 0.043850072025, 9.42746225525, 0.247954709224, 0.0263013208126, -2410.75363989, 9.06038063515, -47.1531732269, 1
5.97746627631, 0.178895947403, 0.0299283909158, 0.0640787887572, 3.14159265359, 145.073611305, 1.01811742284, 0.035104717023, 0.0344800277801, 4.96326299959, 0.194934520555, 0.0392754767521, -1246.30418348, -70.8247885751, 56.3916421012, 1
8.41352123593, 0.344214159024, 0.0409120211825, 0.0914172982637, 3.14159265359, 199.304677453, 1.39615117645, 0.0412852168448, 0.0295707352765, 5.58440062292, 0.345156291191, 0.0618072223856, -1512.68330444, -61.3739895889, 20.4489481446, 1
11.7138064469, 0.233086788548, 0.0198984667883, 0.125621614309, 3.14159265359, 131.100282837, 6.19552777158, 0.258927637867, 0.0417926684236, 5.54078269797, 0.470166573916, 0.084855624114, -2415.42206488, -24.2061893618, -34.5197042897, 1
12.7588851074, 0.442015155968, 0.0346437131652, 0.0835692233788, 3.14159265359, 173.762232159, 2.96376202793, 0.273522171342, 0.092288843964, 9.76958514477, 0.231823115232, 0.0237290644174, -1210.62889889, -26.6484609196, 45.4142241938, 1
2.46461504868, 0.112610907824, 0.0456910736971, 0.0734085927635, 3.14159263869, 348.354960807, 1.57364501353, 0.100817982424, 0.0640665344195, 0.893526871803, 0.0432214287496, 0.048371716748, 1983.09660092, -18.3113705938, -70.3012255844, 1
4.44768704594, 0.263609055975, 0.05926879595, 0.0477863855377, 3.14159265359, 374.663286811, 3.19835516603, 0.21316585833, 0.0666485888104, 1.25009997435, 0.0659715916842, 0.052773052586, -1077.13034248, 53.3494093725, -10.6336731551, 1
12.0349141898, 0.320726981143, 0.0266497106738, 0.0713112267274, 3.14159265359, 134.025753466, 1.28816103699, 0.0476293815387, 0.036974710592, 10.7525948333, 0.369099296137, 0.0343265325123, -2308.49862058, 67.5135317999, 11.0586475249, 1
2.04496435196, 0.059748592428, 0.0292174249252, 0.095058135492, 3.14159265359, 139.522852333, 0.913335502965, 0.0440955394018, 0.0482796729774, 1.13318472605, 0.0689114721713, 0.0608122140962, -2100.23271934, -69.8567322147, 82.8052022183, 1
13.4530202285, 0.363856475085, 0.0270464526852, 0.0587670170866, 3.14159265359, 141.722272499, 2.04959285357, 0.0909719078314, 0.0443853556929, 11.4053255687, 0.367208493484, 0.0321962307232, -2393.73258105, -12.9144747425, 4.31730952396, 1
6.33861588062, 0.188774420095, 0.0297816469164, 0.0777160380235, 3.14159265359, 213.222306774, 0.49728372831, 0.0282958585395, 0.0569008333245, 5.84397828069, 0.195497704589, 0.0334528458524, -2433.0809975, 68.3902032817, 34.0052445598, 1
11.3720329434, 0.252371269194, 0.0221922738398, 0.111643527006, 3.14159263252, 105.444049236, 9.3905840992, 0.384991206077, 0.0409975782134, 2.01023507366, 0.1429785663, 0.0711252968239, -2292.73718214, 10.2689806832, 46.8450824306, 1
2.93152072332, 0.0889886010735, 0.0303557809997, 0.104279813897, 3.14159265359, 84.9633552417, 1.40303822314, 0.0503187628876, 0.0358641425855, 0.664302743557, 0.045425571751, 0.0683808281564, -176.730542666, 126.994350672, -33.1900579414, 1
5.38012754017, 0.274830802975, 0.051082581393, 0.106848794714, 3.14159265359, 498.282549671, 2.32331909764, 0.237546716435, 0.10224455034, 3.15212446411, 0.147254857053, 0.0467160668082, 1360.82025328, 1.83495374227, -62.0316356954, 1
5.04177552235, 0.112154155444, 0.0222449720236, 0.0802642261952, 3.14159265359, 142.60768319, 3.47483928355, 0.134301468414, 0.0386496921022, 1.56560768485, 0.0850099889479, 0.0542983978494, -2339.8660519, 20.957482815, -57.5411604281, 1
2.23777889374, 0.0399242133402, 0.0178410000433, 0.0743302324599, 3.14159265359, 94.9683644427, 1.15611806031, 0.0602434832687, 0.0521084181081, 1.08399380481, 0.026998944784, 0.024906917977, -1617.42564134, -19.8649894582, -37.4014122572, 1
10.1184735499, 0.366905364236, 0.036260940193, 0.067622371854, 3.14159265359, 724.860409399, 0.907050993844, 0.0686527622867, 0.0756878750507, 4.13668928839, 0.0711554007678, 0.0172010503587, 1622.27845502, -151.195217915, 396.242824447, 1
1.50128876064, 0.120824539902, 0.0804805464938, 0.203615812242, 3.14159265359, 688.103454907, 1.01509592419, 0.0935378428244, 0.0921468016921, 0.484783494242, 0.0612695020179, 0.126385288991, 1910.10488377, 146.816428373, -16.3185996515, 1
1.44380904693, 0.0597841700425, 0.0414072554606, 0.0409219386662, 3.14159265359, 156.388887882, 0.371370877476, 0.0117600319572, 0.0316665432603, 1.07230114622, 0.0503623063656, 0.0469665695528, -1009.4511461, -13.2318654946, 109.510906184, 1
4.51120975774, 0.066173320136, 0.0146686418255, 0.0520288618055, 3.14159265359, 173.120478932, 2.95927111031, 0.0871207849138, 0.0294399470905, 1.5603086899, 0.0470185306977, 0.0301341208968, 1032.4963938, -42.151986562, -30.637425857, 1
3.90531479796, 0.309635809552, 0.0792857491831, 0.0857506720965, 3.14159265359, 414.617724333, 3.57664089157, 0.229389756231, 0.0641355291697, 0.342793561498, 0.00739632156483, 0.0215766058514, 2495.85263279, 81.6088890265, 471.500542198, 1
13.1573925339, 0.430458269688, 0.0327160771846, 0.0629852913314, 3.14159265359, 161.230454522, 5.43818506117, 0.183439274566, 0.0337317087415, 7.7165458855, 0.398104152464, 0.051590978447, -2269.34200247, -1.37370873677, -79.9300917603, 1
1.64388144107, 0.123554814513, 0.0751604169414, 0.100664863782, 3.14159265359, 396.462475617, 0.636296563306, 0.011643078775, 0.0182981952857, 1.00939934892, 0.114612342281, 0.11354509234, 502.928879188, 29.071031196, 185.750387619, 1
10.176797989, 0.499306622484, 0.0490632341353, 0.0827050083932, 3.14159265359, 280.094705814, 9.01702272343, 0.473000532645, 0.0524563979877, 1.16731069986, 0.0798208629478, 0.0683801347465, -2029.8103642, -45.8099458767, 41.5675132997, 1
8.41676199822, 0.29962447221, 0.0355985439856, 0.0918828588521, 3.14159265359, 158.088536598, 2.07725165873, 0.0723202233475, 0.0348153402808, 6.38064069454, 0.365558457237, 0.0572918104524, 55.4154917467, -74.5999094288, -68.5130989463, 1
5.22526630225, 0.279662809388, 0.0535212548436, 0.123519238174, 3.14159263869, 252.165896018, 4.1590166082, 0.325983683757, 0.0783799908648, 1.07306558506, 0.050449044616, 0.0470139433401, -1668.68907205, -39.2178136292, 54.5486189713, 1
2.12886281898, 0.132480746256, 0.0622307576959, 0.0512069773531, 3.14159265359, 710.034990477, 1.70523547637, 0.0966782320694, 0.0566949453076, 0.423812628766, 0.0382323776339, 0.0902105672152, -510.05281669, 11.6058619173, -294.39973861, 1
3.5023872345, 0.107146043074, 0.0305922891732, 0.0875986111014, 3.14159263252, 110.21494164, 1.10759382432, 0.0335569560109, 0.0302971678554, 2.39603832882, 0.139560364113, 0.0582462986648, -1473.86508797, -38.3853946707, 91.3145039336, 1
2.9614896296, 0.204583782514, 0.0690813773142, 0.079693856439, 3.14159265359, 591.57918181, 0.923160792411, 0.0484624629698, 0.0524962318247, 2.05404496397, 0.173885674224, 0.0846552423506, 565.735349728, -151.856545666, -157.001538799, 1
4.78072403138, 0.316573939808, 0.0662188274684, 0.123614598521, 3.14159263869, 393.80236031, 1.74582526721, 0.188812161274, 0.108150663655, 3.0483692373, 0.0728684839654, 0.0239040871669, -1766.5514536, 32.5748614351, -72.9884447612, 1
4.64659019505, 0.143902319794, 0.030969445067, 0.0603825800518, 3.14159265359, 198.429776298, 3.70331092245, 0.156936421798, 0.0423773280409, 0.945427629368, 0.0186495753938, 0.0197260740161, -1677.69904039, 15.8239496611, -115.765124939, 1
6.13196312689, 0.0864738105809, 0.0141021413194, 0.0248580374063, 3.14159265359, 139.605839639, 2.25153415439, 0.0107689705807, 0.00478294791118, 3.86236355565, 0.0877170540999, 0.0227107191843, -1532.88251623, -38.3738610881, 119.83372212, 1
1.72027160607, 0.0198844294669, 0.0115588895362, 0.0828801622095, 3.14159265359, 69.9010637689, 0.997607553227, 0.044653361972, 0.0447604489637, 0.724906304181, 0.0283909900327, 0.0391650477709, -2355.16707823, 19.6925102862, -16.4934424239, 1
1.48060102509, 0.0885103314109, 0.0597800014393, 0.0742252745364, 3.14159265359, 400.567285231, 0.430686037944, 0.0427949256971, 0.099364553124, 1.05027347492, 0.0510115478494, 0.0485697764128, 1450.10931486, 95.4901537415, -82.7039696238, 1
11.6316064745, 0.0804537628202, 0.00691682296822, 0.0699180357568, 3.14159265359, 96.0359792872, 1.59871854133, 0.094752384936, 0.0592677087847, 9.98121358889, 0.121667528642, 0.0121896528472, -2450.08852285, 52.0552077676, 43.2271555521, 1
7.27468905952, 0.177261760714, 0.0243669192269, 0.0901743852004, 3.14159263869, 117.249268658, 3.45350419316, 0.162297255006, 0.0469949494566, 3.90896567385, 0.214174558198, 0.0547905957913, -2453.9737861, -5.11508197919, 1.67215916378, 1
0.824086184064, 0.165663087435, 0.201026410391, 0.252933636469, 3.14159263869, 1817.01324363, 0.330090716234, 0.10800437601, 0.327196042476, 0.498295463476, 0.0709110776132, 0.142307291177, 795.390537997, 96.4216568729, 184.63029345, 1
1.27338899544, 0.0577651209723, 0.0453632952533, 0.0644951943759, 3.14159265359, 269.035308937, 0.697275830702, 0.0521905925386, 0.0748492780627, 0.574868050815, 0.00652002893211, 0.0113417834282, -569.817800983, -17.8720363285, -48.2077143442, 1
7.42254928844, 0.209079680677, 0.0281681768018, 0.0454210670573, 3.14159265359, 165.296805918, 5.2843134088, 0.211593037562, 0.0400417275043, 2.14922492319, 0.0390318955713, 0.018160917059, -1912.91869729, 39.4886634418, -5.71365495219, 1
6.67688472371, 0.226045533187, 0.0338549402214, 0.0273597844074, 3.14159265359, 159.091198459, 4.39304801679, 0.188681384123, 0.0429499935811, 2.28958022365, 0.0378508318193, 0.0165317779339, -766.133634474, 11.3176817465, 64.2209642907, 1
9.12458222872, 0.0954109302095, 0.0104564710819, 0.0688434674181, 3.14159265359, 92.6125488558, 5.59772956153, 0.137656572802, 0.0245915011236, 3.52416161785, 0.17074673473, 0.0484503133641, -2272.78442747, 40.855820828, 0.277915062587, 1
5.04001522523, 0.264618886081, 0.0525035886313, 0.107335589469, 3.14159263252, 324.60476176, 3.68839869324, 0.298833056964, 0.0810197274799, 1.35797063474, 0.0385606126762, 0.0283957632734, -1354.00609746, -38.0512942531, 26.2900324045, 1
2.51954590595, 0.153777754542, 0.0610339165395, 0.19917146303, 3.14159263252, 523.984517056, 1.17989890102, 0.135034096072, 0.114445479994, 0.300619438317, 0.0340728768146, 0.113342227653, -855.632447951, -44.6369133113, -142.482705475, 1
1.69078074341, 0.0723126033922, 0.0427687644741, 0.109496661517, 3.14159263252, 299.880857697, 0.798225457479, 0.0795360155309, 0.0996410409938, 0.896550580141, 0.0211492061248, 0.0235895292394, 1105.35792377, -13.4513194994, 59.5564728035, 1
4.74785878595, 0.270358678709, 0.0569432855732, 0.095884522446, 3.14159265359, 335.734382824, 2.85237741046, 0.262390612153, 0.0919901451998, 1.89427027577, 0.0539305085467, 0.0284703345855, -2188.95343766, 50.4082770765, -76.5907991423, 1
2.70026641165, 0.15556374217, 0.0576105163176, 0.0925781367102, 3.14159263252, 337.842217677, 1.60362744784, 0.0382760100958, 0.0238683929658, 1.09771097262, 0.122293315377, 0.111407573056, 1028.32950457, -70.1057401313, 149.590380958, 1
1.19699706863, 0.0771146212964, 0.0644234002884, 0.830503758011, 3.14159265359, 863.581727589, 1.06064687776, 0.0549783242637, 0.0518347108888, 0.189469597063, 0.13308494169, 0.702407899491, 2083.88478096, -0.676727191561, 264.305915172, 1
2.02178055415, 0.0449970400662, 0.0222561444534, 0.0867494435767, 3.14159265359, 114.253898206, 0.426411712115, 0.0199399057782, 0.0467620968462, 1.59650735358, 0.0642094241873, 0.0402186836429, -1357.9595759, 41.2429279143, 65.1053671147, 1
4.60060644578, 0.0635255767615, 0.013808087588, 0.0208127728357, 3.14159265359, 57.5880179435, 2.04084813882, 0.0248042123766, 0.0121538746096, 2.56419614998, 0.0508671225384, 0.0198374537528, 1544.29235089, -100.36722615, 43.3651956435, 1
3.42760992686, 0.180549954972, 0.0526751756543, 0.205546041541, 3.14159265359, 829.947622986, 2.03104858661, 0.127153711827, 0.0626049581807, 0.490966368817, 0.124088211275, 0.252742792901, 2321.52955995, 133.918544547, 301.045094056, 1
2.93226755989, 0.109474491769, 0.0373344142489, 0.0638388185395, 3.14159265359, 232.547203982, 1.74614670312, 0.0544663349215, 0.0311923017833, 1.18885382721, 0.0792645204346, 0.0666730582181, -400.582397929, -49.2144246129, 19.1250398766, 1
12.4686629291, 0.40099361497, 0.032160113498, 0.111128725951, 3.14159265359, 232.029415909, 0.48952576242, 0.0442422793357, 0.0903778365352, 0.86007812367, 0.0302892136946, 0.0352168167763, -599.430860335, -52.7650717456, -64.4253987451, 1
6.90932348473, 0.428949020404, 0.0620826367952, 0.0724558772371, 3.14159263252, 212.550318063, 2.57404407237, 0.175645706386, 0.068237256802, 4.33967887145, 0.314989046011, 0.072583491853, -2366.96744197, 24.132559672, -99.7413695818, 1
2.55985252188, 0.0451834356221, 0.0176507963782, 0.152158624002, 3.14159265359, 58.5918545398, 2.20215237994, 0.0481904316746, 0.0218833320135, 1.49022098736, 0.194146610645, 0.130280416322, -1541.30099319, 56.4494115595, -27.6234220835, 1
1.96988879769, 0.158392113246, 0.0804066267251, 0.427107918173, 3.14159265359, 811.825497503, 1.4071722241, 0.157419660723, 0.1118695054, 0.613176457084, 0.193210100763, 0.315097063057, 1929.6482102, -25.7594325288, -111.746392331, 1
1.43349107579, 0.186031072953, 0.129774838571, 0.0998758347533, 3.14159263869, 1124.00989481, 1.04228734115, 0.112539477662, 0.107973562778, 0.390129727528, 0.0802035805236, 0.205581822826, 2041.28452923, 98.459509511, -105.515240874, 1
3.43374419403, 0.279655467367, 0.0814433025771, 0.0470889423054, 3.14159265359, 428.084722592, 2.25280053715, 0.210580088286, 0.093474803833, 1.1815467148, 0.0758710579565, 0.0642133374888, 157.039064268, -31.1767447796, -196.47481747, 1
19.2312768571, 0.0993044440074, 0.00516369478457, 0.0336011826941, 3.14159265359, 52.5846760329, 13.2883642175, 0.11312885175, 0.00851337680835, 5.93186010981, 0.157242481454, 0.0265081236817, -2227.42191308, 4.18464065084, -27.072391527, 1
7.73258747687, 0.172608452074, 0.0223222113672, 0.0876646815562, 3.14159263869, 134.880838579, 0.867908894088, 0.0482968278, 0.0556473474681, 6.86856892641, 0.219938094655, 0.0320209489067, -2351.20415415, -11.0007924671, -28.7408343084, 1
7.4503707947, 0.246070368831, 0.0330279358722, 0.119069021859, 3.14159265359, 191.382728476, 3.11254514727, 0.152760964277, 0.0490791159805, 4.38569305526, 0.341112793337, 0.0777785378591, -1872.0320187, -34.8998241468, 16.9524272629, 1
11.271226011, 0.153421029551, 0.0136117428043, 0.046952933781, 3.14159265359, 108.27656151, 1.9362521684, 0.0945895556825, 0.0488518785033, 9.34027455145, 0.101396164448, 0.0108558012818, -1855.77837443, -44.0185726102, 12.1912905859, 1
8.61411552818, 0.347256111158, 0.0403124511184, 0.0333796533571, 3.14159265359, 282.846392843, 3.93697580405, 0.222451565301, 0.0565031578483, 4.67478567266, 0.133373602814, 0.0285304208906, -1896.67473376, 9.75347212186, -102.408813543, 1
11.2264914334, 0.697413572184, 0.0621221310611, 0.0300139829551, 3.14159265359, 764.786788563, 4.02506189526, 0.226151699766, 0.0561858936959, 5.50310637194, 0.360293448782, 0.0654709221358, 1300.86474576, -88.6294404092, 218.08239504, 1
8.75289460913, 0.439434918551, 0.0502045252656, 0.0166940809452, 3.14159265359, 219.700435636, 5.84664075846, 0.309945839161, 0.0530126361385, 2.90826815873, 0.134287078286, 0.0461742421801, -1672.89263761, 45.3051216533, 53.5457493839, 1
12.2691101415, 0.409410943219, 0.0333692450794, 0.0882686498796, 3.14159263252, 313.516906815, 2.13860471497, 0.098385592766, 0.0460045711474, 7.01131483031, 0.310517016558, 0.0442879865008, -339.130646578, 32.1555863903, 77.5765270401, 1
6.81030173903, 0.323031320275, 0.0474327471312, 0.200128865673, 3.14159263869, 326.08900643, 2.77222963789, 0.256159773535, 0.092402075944, 4.05184691903, 0.440571987492, 0.108733621061, 496.758772937, 45.7134310003, -47.9196459093, 1
1.04349314735, 0.23596775917, 0.226132543149, 0.286118828173, 3.14159265359, 2267.51419316, 0.555526364194, 0.178523441039, 0.321359079506, 0.500893889959, 0.0231516172084, 0.0462206021524, 2474.29234908, -189.856927313, 111.588295864, 1
7.28991212009, 0.139325326885, 0.0191120722157, 0.0188381179128, 3.14159265359, 141.692543977, 4.65976656048, 0.0792451260993, 0.017006243783, 2.6231668817, 0.0736352747721, 0.0280711361849, 365.229476786, -7.38461574715, -7.83629543119, 1
3.91771468825, 0.118706511147, 0.0302999377426, 0.0612559382583, 3.14159265359, 173.51275873, 1.39635070266, 0.041099624946, 0.0294335977829, 2.5230972623, 0.120520191353, 0.0477667639506, -2061.32003085, -72.9522736398, -89.79262092, 1
6.38289855207, 0.316549330333, 0.04959335132, 0.140327415404, 3.14159265359, 220.825926401, 4.36529358674, 0.367425102338, 0.0841696199893, 2.02826858362, 0.155612265891, 0.0767217256866, 132.557599604, 135.042447612, -215.827686508, 1
1.85715835607, 0.140183988857, 0.0754830563581, 0.126554734543, 3.14159262778, 461.306329472, 1.39228025051, 0.146500675962, 0.105223553885, 0.465083759451, 0.0233624256855, 0.0502327273545, -1327.19125682, 5.87956344104, 19.4279063419, 1
11.1181305516, 0.203678978821, 0.0183195347344, 0.011433173431, 3.14159265359, 47.7175797302, 6.33725482406, 0.0971490307883, 0.0153298286853, 4.77862303964, 0.112418664795, 0.023525325991, -2327.92517771, -19.2665827883, -39.6426523393, 1
38.0075531956, 0.86197518576, 0.0226790496437, 0.026020459147, 3.14159265359, 104.002597571, 33.0223628349, 0.857508966273, 0.0259675229952, 5.01714427695, 0.0391075859083, 0.00779478997405, -1839.65658595, -14.1937000446, 29.0915282003, 1
10.6266597617, 0.739975816563, 0.0696339050234, 0.0758398566491, 3.14159265359, 433.419843691, 2.57764095081, 0.0275739951829, 0.0106973762867, 8.15102201841, 0.703913002871, 0.0863588641132, -927.685962615, 51.8913761515, -48.8002546133, 1
5.56664319888, 0.0937991808044, 0.016850223277, 0.060940015933, 3.14159263869, 102.328731902, 0.471426840335, 0.031415784996, 0.0666397886333, 3.11077764996, 0.194787847906, 0.0626170912306, 828.420571619, -23.9896701214, -66.9294836148, 1
5.45891793634, 0.165366380813, 0.0302928863818, 0.10032012473, 3.14159265359, 243.083769851, 3.95982999296, 0.100231366541, 0.0253120378196, 1.50474729267, 0.142555909973, 0.0947374424044, -2413.13631593, -5.31565453289, -139.136750866, 1
1.21110906781, 0.0196106703619, 0.0161923239476, 0.0907499393464, 3.14159265359, 84.2737244215, 0.464052072715, 0.0248730741043, 0.0535997478877, 0.75200437852, 0.0313068200145, 0.0416311671963, 1998.11492788, -92.3425171661, -12.6431693053, 1
9.86965304439, 0.39360384494, 0.039880210902, 0.0363175545869, 3.14159265359, 230.815736992, 3.0842809267, 0.1361172684, 0.0441325779443, 6.78248984961, 0.289982077874, 0.0427545170437, 826.293659811, 95.3454443709, 60.7588089586, 1
16.800953262, 0.7068886383, 0.0420743172889, 0.0678520977435, 3.14159265359, 218.198117963, 2.47006060431, 0.102744679453, 0.0415960156094, 3.80938251247, 0.263336383937, 0.0691283647873, -2114.93211534, 60.5347476758, -7.16384246269, 1
15.5190370357, 0.697241216871, 0.0449281237789, 0.117242292867, 3.14159265359, 272.652365093, 0.770966352209, 0.0784985465149, 0.101818381944, 14.7533443473, 0.70212025207, 0.0475905825514, -2318.25229103, 13.6436385033, -81.7604807982, 1
2.98182361431, 0.167399580976, 0.0561400010961, 0.131408588138, 3.14159265359, 380.070157315, 2.20894690924, 0.19774780637, 0.0895213033611, 0.799232853089, 0.0529990487511, 0.06631240013, -481.407818624, 13.6788764128, -13.8241423834, 1
1.23305891692, 0.0490635013698, 0.0397900706095, 0.156472458745, 3.14159265359, 490.077850139, 0.610560323359, 0.0207488918878, 0.0339833610112, 0.628682966358, 0.0768225560251, 0.122196019514, 280.012993388, 102.532025987, 170.529704589, 1
2.69276604932, 0.184265572513, 0.068429848393, 0.214753461629, 3.14159263869, 585.425603503, 1.43651850976, 0.122816343067, 0.0854958305329, 0.411867817862, 0.0571006257196, 0.13863823111, 655.845322276, 144.031564394, 3.86868598641, 1
3.8327824648, 0.0309406103583, 0.00807262364678, 0.116935733769, 3.14159265359, 115.163143879, 1.18269991404, 0.102184630248, 0.0863994568994, 2.65620769565, 0.0837630230276, 0.0315348167859, -1077.47830948, -53.3973947754, 41.591878462, 1
5.75643912588, 0.0858984695032, 0.0149221537177, 0.100810117791, 3.14159265359, 248.816668044, 1.3448786725, 0.0625902215488, 0.0465396788787, 1.42976747165, 0.0990678890478, 0.0692895110654, 1218.94461085, -126.136433978, -8.68752302812, 1
22.458755871, 0.224072849274, 0.00997708201472, 0.0468026132823, 3.14159263869, 59.911387896, 17.1331398915, 0.170633726992, 0.00995927938913, 5.04683232662, 0.210880295941, 0.0417846843908, -459.284760036, -8.77708152545, 9.74271621384, 1
4.45260708795, 0.39288312637, 0.0882366484645, 0.106111656752, 3.14159265359, 731.159208398, 2.57538876784, 0.340886542698, 0.132363139482, 1.88175155427, 0.058359542677, 0.0310134154238, 1273.47315878, 38.8110586083, -88.1302293106, 1
