Mother Total Momentum (GeV/c), Mother Transverse Momentum (GeV/c), Mother Fraction of Transverse Momentum, Opening Angle (rad), Decay Angle (rad), Impact Parameter (cm), Daughter1 Total Momentum (GeV/c), Daughter1 Transverse Momentum (GeV/c), Daughter1 Fraction of Transverse Momentum, Daughter2 Total Momentum (GeV/c), Daughter2 Transverse Momentum (GeV/c), Daughter2 Fraction of Transverse Momentum, Decay Z (cm), Decay X (cm), Decay Y (cm), Event type
11.929892167, 0.0714767365557, 0.00599139837603, 0.0449550751805, 3.14159265359, 98.0331995737, 5.77720724522, 0.10462037793, 0.0181091613109, 6.18361285057, 0.168935497467, 0.0273198697185, -970.269137196, -89.2114278735, 36.7918773104, 1
31.3148488352, 1.80184650479, 0.0575396839459, 0.0193658401258, 3.14159265359, 309.500465102, 4.31179947884, 0.280831166135, 0.0651308502432, 26.7064441288, 1.52834302678, 0.0572274998275, -1395.49662523, 42.426988027, -17.2269491332, 1
5.09171603615, 0.0584257558728, 0.0114746689442, 0.477957820886, 3.14159263869, 205.008357224, 4.75772450322, 0.119527240907, 0.0251227747268, 0.358054183734, 0.157766851598, 0.440622840801, 1674.54195275, 76.7048804421, -133.596464624, 1
20.3886558453, 0.291158542398, 0.0142804187097, 0.0757080704959, 3.14159263252, 103.323535233, 17.9900302855, 0.264854955883, 0.0147223185109, 2.41864327668, 0.172898739938, 0.071485837372, -1830.33361585, -3.06986683927, 27.5881254186, 1
8.89397664123, 0.233600006067, 0.026264967347, 0.221197829411, 3.14159265359, 239.805818563, 0.292925826831, 0.0678924221175, 0.23177342487, 8.61078539249, 0.167150572872, 0.0194117685267, 2042.58670607, -40.6964089268, 52.7496522949, 1
30.0830275071, 0.381449211872, 0.0126798810985, 0.0911199114919, 3.14159265359, 100.183128449, 29.3583797231, 0.417028356491, 0.0142047470066, 0.68446190362, 0.0525966010588, 0.0768437231943, 1509.88944654, 17.0058003946, 2.26765150774, 1
3.39425058182, 0.0926652200625, 0.0273006420206, 0.0834746789649, 3.14159265359, 120.319370544, 2.01452121699, 0.0466558875709, 0.0231597896202, 1.38380450846, 0.0993244084464, 0.0717763295603, -719.782621181, 58.391765561, 32.4115274423, 1
7.14644791421, 0.292063421792, 0.0408683342128, 0.119071470146, 3.14159265359, 315.837931552, 0.526772826653, 0.0766893571282, 0.14558335823, 6.622789251, 0.222813792421, 0.0336434973206, 657.519338918, -78.7040343266, -1.43680356023, 1
1.40162307171, 0.0387169486681, 0.0276229390408, 0.0394390685687, 3.14159265359, 233.291616115, 1.01675942334, 0.0248805235698, 0.0244704135499, 0.383179518073, 0.0204161886389, 0.0532810019219, 138.156311633, 5.18774844369, 30.4398642646, 1
6.47817981945, 0.0621343638881, 0.00959133053107, 0.120713861746, 3.14159265359, 36.6402112129, 1.56960244641, 0.163760123003, 0.104332229717, 3.39095770457, 0.0806003357298, 0.0237691952398, -1532.04161598, 66.7493152947, -21.4099226382, 1
13.698481035, 0.174842886568, 0.0127636696449, 0.0310273994461, 3.14159265359, 86.5344151917, 7.25383015428, 0.141515909156, 0.0195091291284, 6.44681151631, 0.13330548462, 0.0206777387989, -2318.71048724, 4.33805668683, 23.4751777818, 1
42.3186238247, 1.74790013682, 0.041303331225, 0.0183304233293, 3.14159265359, 238.986486116, 28.8943058879, 1.31181691987, 0.0454005341039, 11.9856059541, 0.354226438267, 0.029554320376, -2370.89270009, 35.4887490246, 32.6115589155, 1
13.5876071581, 1.15270518077, 0.0848350388229, 0.136851967131, 3.14159265359, 474.114797717, 0.95987373261, 0.0411281638825, 0.0428474730429, 12.6612840796, 1.18854336405, 0.0938722610267, -873.545013523, 4.09433571056, -78.897640072, 1
31.1130816057, 1.75149545038, 0.0562945025045, 0.00836484877384, 3.14159263869, 822.749694322, 20.5235650347, 1.10803749973, 0.0539885491559, 10.4308356462, 0.638354690905, 0.0611988063619, 2117.59675509, -169.633721962, -245.735137177, 1
8.42817607609, 0.501896799354, 0.0595498711492, 0.0556822506497, 3.14159263869, 274.57481927, 6.31302381958, 0.307761884912, 0.0487503126407, 2.11806837342, 0.204532532068, 0.0965655946872, -428.127821955, -74.7463971686, 113.103522194, 1
10.5055176658, 0.0480242248926, 0.00457133350494, 0.0336008236076, 3.14159265359, 52.8681896173, 6.09202060532, 0.121724557402, 0.0199809825489, 4.41619609115, 0.0658183930932, 0.0149038656198, -2331.98455719, 32.9849041203, 3.96742947995, 1
14.8149948137, 0.678932105661, 0.0458273603332, 0.0303147185185, 3.14159265359, 202.127079047, 1.06000398714, 0.0657895575509, 0.0620653868749, 13.7542212243, 0.61947855414, 0.0450391588179, -2426.41919462, 10.3350279525, 20.0176201306, 1
12.3221771402, 0.876543568645, 0.0711354461692, 0.173642825871, 3.14159263252, 464.126450766, 6.17342295413, 0.739355017457, 0.119764192888, 6.21454974582, 0.379463390676, 0.0610604800341, -1578.01115976, -32.6202592466, -112.013049937, 1
2.57510160563, 0.162561354125, 0.0631281320198, 0.14553879333, 3.14159265359, 399.586000688, 2.21349009479, 0.100877407935, 0.0455739143229, 0.364835487628, 0.0667753008308, 0.183028524075, 1547.32158799, -38.1784724027, 150.436461858, 1
25.8417533712, 1.17322159539, 0.0454002318861, 0.0480688925819, 3.14159263869, 169.691226215, 9.19020841108, 0.345863500509, 0.0376339126425, 16.6264936631, 0.946219764659, 0.0569103614888, -2419.48074893, -6.53066784731, -51.6334606282, 1
10.7941140572, 0.517118397762, 0.0479074424283, 0.0290576293037, 3.14159265359, 255.006385169, 3.88307196776, 0.202168512862, 0.0520640653948, 6.91005032868, 0.338301849156, 0.0489579428607, -2411.05412733, 64.8176464874, 25.1500983928, 1
3.5836279574, 0.325159703264, 0.0907347824968, 0.495144747193, 3.14159265359, 621.444418371, 3.16962571947, 0.191850810569, 0.0605279069359, 0.811227275319, 0.364729118807, 0.44960164667, 2277.12036194, -197.185516463, -193.804489465, 1
15.7086947871, 0.193654785463, 0.0123278724354, 0.0325934623936, 3.14159263869, 35.6635010306, 12.0893776513, 0.231540315545, 0.0191523767578, 3.6200776389, 0.0487977249527, 0.0134797454144, -1842.31252345, 48.7662322703, 44.4883313621, 1
11.9354747727, 0.51110817293, 0.0428226092942, 0.0688370566594, 3.14159263252, 225.880959849, 0.910066656374, 0.0399012794417, 0.0438443482818, 11.025478259, 0.517251351599, 0.0469141872531, -2295.27427759, 18.9874816923, 33.0012673472, 1
8.74402557469, 0.35119391762, 0.0401638712765, 0.0661940116041, 3.14159263869, 232.749464863, 0.911896055154, 0.0188666115088, 0.0206894320928, 7.83079223597, 0.360005413841, 0.045973051384, 715.84441845, 25.6636769967, 129.349652181, 1
7.6459631714, 0.0721774542925, 0.00943994270891, 0.129555379486, 3.14159265359, 40.2057144972, 4.2594099856, 0.238899623817, 0.0560874920763, 3.40560914823, 0.254413365997, 0.0747042173436, -2465.50306546, 59.2797174665, -42.0376662127, 1
15.2903044417, 0.485333621763, 0.0317412660824, 0.0642612893053, 3.14159265359, 133.848549021, 11.6647453034, 0.547627319955, 0.046947216224, 3.62991148781, 0.0634849360503, 0.0174893895522, -2309.780213, 6.19219407883, 25.4348607354, 1
6.13187215719, 0.152770934375, 0.0249142399676, 0.0907881938435, 3.14159265359, 219.919116702, 4.92103078726, 0.104182019289, 0.0211707716925, 1.21516986753, 0.108795688235, 0.0895312590793, 801.948423001, 26.0733503005, -11.1033521499, 1
10.3625995956, 0.454131325287, 0.0438240733997, 0.050973866642, 3.14159265359, 307.823830184, 5.14416001625, 0.295336775793, 0.0574120507255, 2.89966680115, 0.0276791654732, 0.00954563657528, -1863.26846646, 66.4765596128, 39.8349763636, 1
10.9585127599, 0.690249455906, 0.062987512177, 0.062307762503, 3.14159265359, 332.031860304, 9.27783271168, 0.650897612888, 0.0701562135377, 1.6829243705, 0.0751932767703, 0.0446801282865, -2375.59118651, -0.311724031427, 26.4105445775, 1
13.1639515296, 0.104517668897, 0.00793968806876, 0.134239666174, 3.14159263869, 141.176325266, 1.03138166043, 0.135410110796, 0.131290012215, 9.02991031854, 0.226299409019, 0.025061091532, 2120.41745486, 15.1347085882, -69.6860746072, 1
13.5649704434, 0.287987135571, 0.0212302073765, 0.0897001020904, 3.14159263869, 96.6343613249, 13.2264264893, 0.266889161974, 0.0201784784567, 0.339903509205, 0.0240337446601, 0.0707075508467, 1232.30125068, -1.01319653979, 83.6747708706, 1
14.5105583351, 0.566060021364, 0.0390102164433, 0.0444479171209, 3.14159263869, 197.443922575, 12.9860358608, 0.504592546987, 0.038856549635, 1.5243473529, 0.0865124507723, 0.0567537645587, -2171.61329918, -9.89093773394, -5.77595836447, 1
14.7202619522, 0.571039152027, 0.0387927303115, 0.0586581729778, 3.14159265359, 200.629549191, 8.48055094329, 0.38612370905, 0.0455304981518, 6.25445382591, 0.325415026904, 0.0520293275739, -2463.27646921, 45.199848411, -6.71638872691, 1
14.3437603811, 0.732303803348, 0.0510538229789, 0.0454913448739, 3.14159265359, 304.286636544, 9.24334044814, 0.467959221065, 0.0506266347854, 5.10945543568, 0.321547537399, 0.062931860635, -2134.70680898, 72.618116405, -8.27400874444, 1
16.0174001847, 0.832318362392, 0.0519633868665, 0.0136133899775, 3.14159263869, 315.000480554, 2.39516323116, 0.101614048305, 0.0424246861272, 13.6409951163, 0.730356085607, 0.0535412614241, -1424.06343812, -19.0231366946, -3.54568969614, 1
5.84452073807, 0.395021039621, 0.0675882689659, 0.0365534785439, 3.14159265359, 300.500210752, 4.68596189162, 0.342697316874, 0.0731327579694, 1.161592593, 0.0562347790683, 0.048411792058, -514.732132704, 84.1053859552, 132.463045087, 1
18.354099014, 0.104731933871, 0.00570618769088, 0.0188542239097, 3.14159265359, 56.1575062847, 14.6678961004, 0.0804093356063, 0.00548199517203, 3.6851053921, 0.0666702290082, 0.0180918106579, -2152.37135667, 46.7594842628, -39.6681474668, 1
2.91755653593, 0.0691479533678, 0.0237006387079, 0.0461874651943, 3.14159263869, 196.559867097, 1.05456151752, 0.0546550262512, 0.0518272526954, 1.86741774585, 0.0178197498683, 0.00954245503342, 2253.38236827, 127.034635176, -40.6897486116, 1
2.74619313977, 0.16108373084, 0.0586571019011, 0.0477723968512, 3.14159265359, 291.822862834, 1.86756536938, 0.129601611373, 0.0693960240956, 0.879680885319, 0.0403397527517, 0.0458572573589, -2299.53966305, 31.0014763007, 5.50535160946, 1
7.24345819856, 0.241978376059, 0.0334064709737, 0.0344245036185, 3.14159265359, 49.2640011457, 3.23809259494, 0.0960601106053, 0.0296656466079, 4.00749737063, 0.160851966219, 0.0401377596396, -1136.32367582, -111.406277657, 107.937235983, 1
31.3975614289, 0.592706556353, 0.0188774710321, 0.0562523546075, 3.14159265359, 65.1789345519, 15.2709460239, 0.67360821406, 0.0441104443042, 2.9388424585, 0.122103880648, 0.0415482906527, -2443.12238581, -32.5450101233, -58.0277826366, 1
48.6093028525, 0.339814175045, 0.00699072307365, 0.00909451350515, 3.14159265359, 45.8681096807, 11.2391469553, 0.156771654645, 0.0139487147262, 38.0851328573, 0.193183246947, 0.00507240575137, -1420.85732177, -18.0136622925, 3.5510172261, 1
13.8771023695, 0.360321234277, 0.0259651636691, 0.0673330818394, 3.14159265359, 139.982038639, 9.45291897703, 0.256184945782, 0.0271011468949, 4.43695684711, 0.268449367285, 0.0605030376755, -2355.64208953, -15.2466318513, -4.43371678855, 1
47.8132812807, 0.511906033912, 0.0107063564809, 0.0412087476761, 3.14159265359, 96.5241980714, 9.40357479258, 0.122429553449, 0.0130194693135, 23.2502583761, 0.670550202084, 0.0288405484033, -1806.58903295, 76.9380989236, -21.0713743597, 1
17.8449990046, 0.758438782534, 0.0425014751942, 0.0999440473991, 3.14159265359, 219.844546076, 16.9979822249, 0.800940474776, 0.0471197383418, 0.850518730793, 0.046725721164, 0.0549379096218, -2362.32561622, -63.5623536683, -13.7961773886, 1
16.7764557599, 0.311124280417, 0.0185452925737, 0.0803668608078, 3.14159265359, 122.49501491, 11.391115085, 0.282489232799, 0.024799085137, 3.3496600719, 0.260828653475, 0.0778672008134, -2467.14327075, -23.7040049292, -38.3706725298, 1
3.76353427931, 0.126334443777, 0.0335680332371, 0.0648918125139, 3.14159265359, 247.724491717, 1.75492935166, 0.0485892627272, 0.0276873041535, 2.01016386265, 0.116709315896, 0.0580596030326, 674.416054298, 38.9913679218, -79.9958920506, 1
4.84876652505, 0.187559421811, 0.038681883494, 0.0916742163365, 3.14159265359, 153.219985402, 0.826561019798, 0.0441771855949, 0.053446974315, 4.03389853381, 0.205679267124, 0.0509877145892, -2044.11911871, -55.257617359, 19.933698768, 1
24.6848012118, 1.55429304894, 0.0629655890524, 0.020455023632, 3.14159263252, 236.669341839, 11.4368085232, 0.773813773496, 0.0676599395651, 13.224897078, 0.789652126803, 0.0597095101871, -2175.49870937, -65.8547975576, -120.956796736, 1
5.05972087754, 0.0706756316371, 0.01396828666, 0.0737564479415, 3.14159265359, 93.4558278566, 2.95824345455, 0.064222912882, 0.0217098132283, 2.10388247808, 0.115110451493, 0.0547133467253, -2246.76484232, -60.2525616351, -56.3336006518, 1
36.3626121063, 1.36308386757, 0.0374858622255, 0.187684762273, 3.14159263869, 312.325542324, 29.6382924565, 1.19236155357, 0.0402304402428, 5.3542765653, 0.786833127966, 0.146954143734, 2021.60770812, -33.234864091, 10.2393402202, 1
2.27389638352, 0.0737923273285, 0.0324519304676, 0.0363916382647, 3.14159265359, 204.129983318, 0.78769705811, 0.0261117642415, 0.0331495007791, 1.48628125855, 0.0571781019194, 0.0384705799057, -2122.00212232, 29.0952755924, -34.1618753533, 1
6.26948654565, 0.292266890775, 0.046617356724, 0.0597670973548, 3.14159265359, 195.048773961, 5.22323810958, 0.290284388184, 0.0555755610015, 1.0489667834, 0.0285507941014, 0.0272180154351, -1804.71796484, 26.2375987775, 51.6695656946, 1
8.04500777086, 0.209869717947, 0.0260869503081, 0.0984160540635, 3.14159265359, 81.2981298609, 5.03789864276, 0.181277144283, 0.0359826898352, 1.08521163687, 0.0689136442006, 0.0635024928406, -1273.57530329, 74.217521399, 6.43402670744, 1
12.7682008552, 0.430080882454, 0.0336837497571, 0.141402311648, 3.14159265359, 323.646671815, 10.9461967434, 0.514792170557, 0.047029318276, 1.17503051317, 0.161178138529, 0.137169321751, 192.639591057, -87.7868471788, -97.4620677516, 1
8.50037568724, 0.234715999147, 0.0276124265306, 0.0652262611885, 3.14159265359, 132.35232496, 3.22590789642, 0.155065044497, 0.0480686521362, 5.27696365752, 0.199033302298, 0.0377173911391, -2452.48743878, -19.4302670423, 45.3368515461, 1
7.29505251464, 0.318515909408, 0.0436619076791, 0.0605515833276, 3.14159263869, 202.355890088, 1.84751146594, 0.136729515728, 0.0740073976527, 5.45785295494, 0.227978092515, 0.0417706549439, -2346.74517631, 36.282780519, 0.116313368865, 1
1.94787939085, 0.0453869879504, 0.0233007177773, 0.0885306098852, 3.14159265359, 151.214045991, 0.729480881722, 0.0508402276436, 0.0696937081115, 1.21589456101, 0.0353863453243, 0.0291031364553, -1321.52785159, -61.9621940539, 5.03252584114, 1
1.72748536416, 0.0809429283836, 0.0468559271546, 0.0377237150061, 3.14159265359, 331.089058983, 0.800476594252, 0.0523140179597, 0.0653535885189, 0.923175787834, 0.0363078547489, 0.0393292970064, 1464.1542434, -58.2593480425, 80.375280182, 1
7.66298331857, 0.245973947558, 0.0320989799054, 0.158702261664, 3.14159263869, 93.3329312741, 7.16608839429, 0.302086040368, 0.0421549419637, 0.50350080442, 0.0587840384763, 0.116750634677, -769.656325263, -69.6052539788, -99.8175014435, 1
4.58405852418, 0.573300934849, 0.125064052264, 0.271071024823, 3.14159265359, 1180.39113804, 0.501537185929, 0.0912609030618, 0.181962386085, 4.09587938711, 0.591922486715, 0.144516581367, 814.495228318, -175.895524601, 0.281806040631, 1
3.72753038357, 0.0769239824139, 0.0206367150629, 0.0749083299773, 3.14159265359, 105.850973917, 3.29269688336, 0.0877012966956, 0.0266350957292, 0.432110266437, 0.0259498814846, 0.0600538415775, -174.805591432, 25.9007688019, -37.9444973593, 1
10.0617796434, 1.0140897332, 0.100786319036, 0.274398846332, 3.14159263869, 973.589186846, 1.04749827028, 0.2251518655, 0.214942469966, 1.55357142158, 0.093907076753, 0.0604459347338, 1511.07052505, 12.117607998, -124.841141769, 1
13.2146786133, 0.63542835784, 0.0480850406156, 0.0268937106913, 3.14159265359, 187.287752848, 4.39577987284, 0.251385138223, 0.057187835946, 8.82117961284, 0.474967942647, 0.0538440394021, -1662.53774804, 20.0883983247, 100.347950956, 1
10.0090315479, 0.386995428639, 0.0386646227247, 0.104513177253, 3.14159265359, 289.639658233, 2.45975855538, 0.165600197184, 0.0673237610343, 7.55081676302, 0.281127282254, 0.0372313739132, 119.548527129, 10.642251398, 7.78489753549, 1
13.3520508642, 0.170080575874, 0.0127381611712, 0.0576469252168, 3.14159265359, 142.658930181, 8.94982932653, 0.283827807576, 0.0317132089586, 4.40254449673, 0.114455652695, 0.0259976140571, -2411.09591295, -50.412493682, 163.861542578, 1
14.9787853351, 0.638091677566, 0.042599694387, 0.111464904002, 3.14159265359, 236.636701392, 14.019198396, 0.567719007191, 0.0404958251645, 0.927407375814, 0.110379022437, 0.119018918025, 807.019534877, 49.1087775688, 93.7202319215, 1
4.14398726287, 0.0549038352168, 0.0132490357074, 0.0418706003461, 3.14159265359, 45.64948844, 1.2530664907, 0.0361301265732, 0.0288333674561, 2.89061249256, 0.0599625301892, 0.0207438839843, -2340.53884554, -6.28567060714, -34.4586325826, 1
11.0660088313, 0.650087280082, 0.0587463185684, 0.0272006959244, 3.14159263869, 315.092678362, 3.46825950097, 0.267051701135, 0.0769987658248, 7.60065388981, 0.383568856053, 0.0504652443873, -765.582279124, 30.6618323495, -69.8138009283, 1
6.1190031153, 0.241895013244, 0.0395317682777, 0.113733644125, 3.14159265359, 172.102527202, 3.90313885343, 0.24429675811, 0.0625898199588, 2.22677502555, 0.16728161839, 0.0751228195355, 706.172119379, -88.7585136362, 129.124857093, 1
7.80195530476, 0.133777836692, 0.0171467063661, 0.11843121069, 3.14159263869, 26.6459444863, 7.26413041233, 0.0961348448339, 0.0132341848751, 0.537280644652, 0.0651730943722, 0.121301772213, -430.710431964, -44.9561886299, 101.436995647, 1
7.61801364776, 0.0368810166331, 0.00484129043848, 0.0423837529225, 3.14159265359, 131.786864973, 1.28811355772, 0.0513387931242, 0.0398557975084, 6.33086387604, 0.0185226289684, 0.00292576642479, 1407.34114836, 15.2935435422, -148.451481333, 1
8.78295007139, 0.336791935906, 0.038346106168, 0.0768999604839, 3.14159265359, 295.931552544, 0.652811522915, 0.0489533719321, 0.074988523048, 8.12823900512, 0.310661039389, 0.0382199685803, -892.536664026, 66.1186976629, 5.74338892971, 1
5.6708594576, 0.356645692721, 0.0628909419087, 0.0366525834873, 3.14159265359, 406.234724646, 4.29931560432, 0.246647055668, 0.0573689113263, 1.37875609993, 0.113328483831, 0.0821961794665, -398.256808422, 12.3626394295, -25.8713687776, 1
8.24169523415, 0.411048460581, 0.0498742611688, 0.0398558633804, 3.14159265359, 696.341914085, 0.603768802928, 0.0323542718784, 0.0535871872171, 7.63106274501, 0.382949665041, 0.0501830056752, 2401.91532274, 33.432870981, -215.987367498, 1
4.29820869598, 0.177369921496, 0.041266009643, 0.114138618787, 3.14159265359, 235.959605779, 0.941384536714, 0.0547538177846, 0.0581630732705, 3.31696280759, 0.215898110844, 0.0650890960699, -2364.27986122, 24.8113023017, -31.1734577471, 1
16.1453730999, 0.254888859836, 0.0157871148755, 0.0788161869935, 3.14159263252, 117.737837799, 7.14316343711, 0.275949815134, 0.0386313175616, 9.0183805357, 0.403932675546, 0.044789934728, -2431.00827495, -40.9165667244, 96.5499086115, 1
37.9608135733, 1.9272913672, 0.0507705495689, 0.0245538074232, 3.14159265359, 279.667738484, 37.1439293772, 1.90378153429, 0.0512541770946, 0.82034318063, 0.0219640128556, 0.0267741761915, -536.907217172, 36.7705524175, 71.4835144413, 1
10.5744172573, 0.357429357445, 0.0338013290706, 0.0584154391923, 3.14159265359, 172.566788869, 5.63989347839, 0.0734751382635, 0.013027752837, 4.98225016686, 0.316918310301, 0.0636094735686, -2058.75023179, 10.2213935182, 2.96817479434, 1
22.0996895029, 0.735478002872, 0.0332800152135, 0.0266408798278, 3.14159263869, 208.866170947, 19.8217955203, 0.631138448596, 0.0318406295711, 2.28693368, 0.11603082372, 0.0507364182597, -2347.99273567, -47.7329401003, 6.20353015772, 1
4.59798698186, 0.10426158188, 0.0226754843567, 0.230462411528, 3.14159265359, 233.711807034, 0.317381163456, 0.0617154044273, 0.194452007659, 4.27695418761, 0.151025236717, 0.0353113992089, 2352.57527797, -167.195942809, -94.788024436, 1
10.897841695, 0.405422418079, 0.037202083626, 0.0832692688944, 3.14159265359, 147.030347769, 2.74168879847, 0.11768173396, 0.0429230823079, 8.10683158076, 0.446054902998, 0.0550221006264, -2434.40453618, 2.42941782482, -31.8978734382, 1
13.0689039664, 0.246574855523, 0.0188672941631, 0.082030414831, 3.14159265359, 72.6998627532, 7.53040884712, 0.398132247963, 0.0528699378806, 5.61938054681, 0.170105868633, 0.0302712847467, -2216.5955681, -6.40550876468, 27.5602092202, 1
2.98893661534, 0.111926231388, 0.0374468400614, 0.135926539184, 3.14159263869, 196.138417252, 1.89498623009, 0.167270106265, 0.088269826772, 1.09877343133, 0.0643578847531, 0.0585724799292, -1056.95717268, -44.2266793352, 8.01095342123, 1
5.45099026712, 0.0380046413855, 0.00697206186823, 0.222814603216, 3.14159265359, 440.891323923, 2.36395896407, 0.314815294328, 0.133172909984, 3.02551178585, 0.271303603914, 0.0896719706009, 2262.42127166, 154.87286026, 355.961398899, 1
2.44734404885, 0.279931468151, 0.114381738964, 0.0656466681191, 3.14159265359, 923.355886397, 0.736391906737, 0.0833899881514, 0.113241315376, 1.71303342573, 0.202041353536, 0.117943614235, 476.741229798, -101.506532152, 12.5169147471, 1
4.01700383734, 0.119090935432, 0.0296467069126, 0.0816851308604, 3.14159265359, 171.575945517, 1.63112371456, 0.121290078157, 0.0743598275682, 2.3724076159, 0.0529539111436, 0.0223207474081, -2018.49207142, -3.06463797132, -28.8907866009, 1
2.19405392268, 0.092691767527, 0.0422468046791, 0.110600036683, 3.14159265359, 165.740522651, 1.29483456534, 0.111992743509, 0.0864919322571, 0.902801385395, 0.0255446493179, 0.0282948716419, -2037.21914362, -19.2004389185, -53.3735868537, 1
2.89990504428, 0.0871274561708, 0.0300449341756, 0.0455216884196, 3.14159263252, 227.370008227, 0.838291905562, 0.0104759851283, 0.0124968224777, 2.06639980328, 0.0879396285129, 0.0425569284188, -533.932637065, 4.41512356425, 31.6530104767, 1
10.0839947625, 0.428759922439, 0.0425188561217, 0.129914780802, 3.14159265359, 587.058290364, 1.27451433488, 0.115039847533, 0.0902617133322, 7.29651453962, 0.3728082114, 0.0510940133642, 1754.509139, -36.4468815199, 203.394269103, 1
6.58406598539, 0.506829599071, 0.0769782077208, 0.0663121521905, 3.14159265359, 420.306761424, 1.27768548075, 0.0917231438267, 0.0717885154124, 5.31149620739, 0.444530589756, 0.0836921598734, 1068.99149852, -46.0264619076, 215.807219987, 1
7.84741220968, 0.31678844222, 0.0403685232475, 0.0830557518984, 3.14159263252, 285.236447492, 3.10222619869, 0.0948824001764, 0.0305852617119, 3.65395534493, 0.262761462421, 0.0719115144047, -1873.92843316, 68.0761758318, 40.9160268669, 1
12.3886887795, 0.336961111508, 0.0271990940691, 0.076626906636, 3.14159265359, 176.973366367, 3.65603538851, 0.110834007658, 0.0303153541692, 8.73962748452, 0.494480626675, 0.0565791422519, -2212.53953112, -9.46593028873, 39.4419918355, 1
16.4115333685, 0.353708289715, 0.0215524218105, 0.0151968417106, 3.14159265359, 105.041191635, 5.48643517283, 0.158237421801, 0.0288415732285, 10.9195077228, 0.205968617621, 0.0188624453455, -2408.59924879, 6.85561558615, 4.26558141984, 1
24.1485667924, 0.758265253018, 0.0314000105901, 0.0347741604859, 3.14159265359, 166.980723021, 7.48142069249, 0.121146599199, 0.0161929938415, 16.6712319719, 0.684360396317, 0.0410503793284, -2106.32319301, 8.13009622405, -21.4835746888, 1
17.2049721847, 0.371524693559, 0.0215940304681, 0.0424369283748, 3.14159263869, 58.3461040562, 4.87935684705, 0.0900982090088, 0.0184651813411, 12.3288540219, 0.359696420714, 0.0291751707074, -1993.71414045, -11.5908517584, 56.7049406734, 1
23.9703861905, 0.65998847196, 0.0275334934829, 0.0850225217477, 3.14159263252, 264.509485504, 17.1095374091, 0.531677993395, 0.0310749484735, 5.20244399582, 0.333095721384, 0.0640267769633, -1663.15215485, 14.056885103, -129.045248861, 1
5.53104467599, 0.430514138553, 0.0778359539241, 0.220244366013, 3.14159265359, 457.067567943, 1.66528161179, 0.099275122774, 0.0596146153726, 3.09683475986, 0.495668124542, 0.160056368188, 990.731693681, -166.633423608, 108.040600718, 1
5.24123970757, 0.131541122641, 0.0250973300174, 0.298706423707, 3.14159265359, 124.335259253, 4.20573242112, 0.284011179672, 0.0675295409299, 0.276983887859, 0.0726477398077, 0.262281464707, 1551.32192839, 32.5572626051, -103.602186611, 1
25.5605498328, 0.201986781218, 0.00790228623947, 0.0516809744288, 3.14159263869, 16.1801230048, 8.24085527493, 0.323898548962, 0.0393039967523, 17.3357653036, 0.254963215641, 0.0147073527575, -2408.51486431, -9.92236670607, -26.2176331083, 1
5.31954090071, 0.140946640221, 0.0264960158879, 0.0299226577157, 3.14159263252, 195.908532311, 4.01722517355, 0.130737316839, 0.0325441844036, 1.30090386077, 0.00498810977818, 0.00383434159017, 1977.90834297, -48.1388201882, 6.69258392293, 1
3.80312451419, 0.247876361791, 0.0651770303249, 0.284033931724, 3.14159263252, 583.847839017, 1.79332819128, 0.0952468891156, 0.0531118004941, 0.40187660581, 0.0919731573359, 0.228859197092, 1933.97898043, 15.9537608198, -151.367626141, 1
6.18152880415, 0.301808597952, 0.0488242645977, 0.0591385187333, 3.14159265359, 275.651425661, 2.92552478449, 0.180917504196, 0.0618410430685, 3.25974333542, 0.170704137909, 0.0523673554463, -2391.54596851, -62.3595104929, -8.6184041317, 1
4.78242443769, 0.0368813391729, 0.00771184984802, 0.0757330240105, 3.14159265359, 44.4619230827, 3.25163122316, 0.066624182844, 0.0204894646015, 1.53856218243, 0.0866417384983, 0.0563134460781, -1867.34620106, 1.82711226334, 3.151540125, 1
8.65671280885, 0.225102996126, 0.0260032879797, 0.067481003807, 3.14159263252, 121.784528046, 7.21961800364, 0.222497755936, 0.0308184942505, 1.43989771297, 0.0800420533987, 0.0555887079184, -1311.17062912, -30.1862426243, -13.7243639397, 1
4.77254056586, 0.120889642076, 0.0253302492474, 0.037636162587, 3.14159265359, 109.556200833, 1.58341424155, 0.0339156628332, 0.0214193241055, 3.1902302077, 0.110690198831, 0.0346966179947, -2366.59571836, -58.0733235482, 50.4745528095, 1
5.96430124249, 0.205960624916, 0.0345322304395, 0.0840819890803, 3.14159265359, 292.648618267, 2.14319837005, 0.182411835609, 0.0851119701088, 3.82596046501, 0.0697726478434, 0.0182366358674, -1392.42645577, -99.486441201, -48.043522578, 1
3.59017123406, 0.186683291121, 0.0519984365507, 0.114884039038, 3.14159265359, 240.951831679, 2.06082529352, 0.207605503461, 0.100739011751, 1.53545245354, 0.023320915499, 0.0151883019531, 348.53592299, 50.4230571422, 144.947255152, 1
12.8513866612, 0.279845470394, 0.0217755077932, 0.0595695431399, 3.14159265359, 76.9416172211, 8.79330098251, 0.267759838827, 0.0304504348663, 4.06420692048, 0.177067577208, 0.0435675595934, -2441.53211706, -11.9581791987, 24.6793262348, 1
15.1228005825, 0.409369296239, 0.0270696749591, 0.0640566867064, 3.14159263869, 115.18722053, 10.4630640387, 0.502048398584, 0.0479829232363, 4.66669188255, 0.0773613497975, 0.0165773425254, -57.0302650268, 40.6810135989, 68.3617419422, 1
1.95424033913, 0.188785279399, 0.0966028976169, 0.101625359548, 3.14159265359, 701.989647423, 0.52662017333, 0.0262342549289, 0.0498162741525, 1.4267686744, 0.164420064513, 0.115239469063, -805.550819479, 95.0329054805, 17.5820332956, 1
7.36518814412, 0.271390378478, 0.0368477183703, 0.0758837169461, 3.14159265359, 229.951074186, 3.64157875923, 0.0867786579128, 0.0238299549866, 3.73144015649, 0.248617090673, 0.0666276505174, -1589.389081, 19.2015880954, -11.10041184, 1
3.54696736652, 0.191654642224, 0.0540333818782, 0.0892127598562, 3.14159263869, 298.996954094, 0.327680805644, 0.0286465925927, 0.0874222478073, 3.22108001789, 0.179256576066, 0.0556510782317, -126.498980809, 90.1565673851, 42.4525806219, 1
10.6642872236, 0.203684300316, 0.0190996637698, 0.0320583559752, 3.14159265359, 104.248053998, 5.84396630411, 0.195497303938, 0.0334528458524, 4.82204445376, 0.0172922680695, 0.00358608640699, 1576.27508442, 11.1503599353, -82.7158070368, 1
18.4651461105, 0.61238507006, 0.0331643771674, 0.0718033948811, 3.14159263869, 196.516169289, 1.92284048828, 0.0722646379219, 0.0375822323081, 16.5438993202, 0.660564766629, 0.0399279972541, -2406.17014713, 31.5919690808, -22.5683804916, 1
9.48591530192, 0.0791881207031, 0.00834796834915, 0.0791574961673, 3.14159265359, 78.0950524496, 7.45794585758, 0.125174363767, 0.0167840268832, 2.02164923526, 0.13652405744, 0.06753103113, -2301.60278262, 22.2108435839, 30.0307553721, 1
1.86047194377, 0.0537885411061, 0.0289112347468, 0.439688419379, 3.14159263252, 471.196389872, 1.30828054088, 0.144461084137, 0.110420570836, 0.592628043297, 0.191982433645, 0.323950977036, 885.07542038, 124.804504883, -203.189417163, 1
12.8840769334, 0.209740573684, 0.0162790531886, 0.0512856281387, 3.14159265359, 86.1165423833, 6.86745585693, 0.275143417168, 0.0400648250095, 6.02144262864, 0.070388482616, 0.0116896376761, -2409.8320313, 15.3615935367, 7.76371713709, 1
13.1736498628, 0.431896853712, 0.0327849045794, 0.0333002299879, 3.14159263869, 249.835671823, 8.11127824318, 0.265718991593, 0.0327592006619, 5.0240009492, 0.209874520106, 0.0417743790712, -1928.46603243, 46.2975309069, -64.9652729274, 1
7.99485090767, 0.196051458233, 0.0245222156732, 0.083865280085, 3.14159265359, 125.536638795, 2.9407073735, 0.219571933796, 0.0746663662543, 5.06079385385, 0.0864490327968, 0.0170821091104, -2412.26242268, -31.7821687373, 22.0084930067, 1
17.6791364968, 0.422297153429, 0.0238867522463, 0.106369454402, 3.14159265359, 29.8338184407, 17.3508074269, 0.441556799673, 0.0254487753111, 2.50181706084, 0.268118738812, 0.10716960205, -643.850839069, -107.441214089, 68.8490587355, 1
7.80257941009, 0.457204130021, 0.0585965366056, 0.0224665655844, 3.14159263869, 257.430859666, 2.9401335879, 0.140082319385, 0.0476448825187, 4.8423392083, 0.318584959653, 0.065791541226, -1376.1940028, -41.2314025972, -75.9434231409, 1
15.6804156525, 0.378274378403, 0.0241240019899, 0.152450929943, 3.14159263252, 337.604813653, 0.925380374705, 0.139034053727, 0.150245301853, 4.2070158864, 0.285149654152, 0.0677795525028, 165.654162533, 160.560308476, -62.6097900748, 1
16.139554253, 0.144259410751, 0.00893825247526, 0.100213832892, 3.14159265359, 79.5741261886, 1.96133092913, 0.158319340279, 0.0807203608161, 14.2056622239, 0.283199036139, 0.0199356447926, 857.414695769, 3.13522881099, -7.5017330383, 1
8.83108607932, 0.151637261776, 0.0171708508347, 0.0661541605269, 3.14159265359, 106.026096077, 7.4341382638, 0.25845458194, 0.0347659100179, 1.39958034711, 0.0840857218007, 0.0600792387333, -2107.59506439, -13.0318557799, -52.8135870573, 1
5.78495160889, 0.22082470451, 0.0381722647725, 0.0433042386445, 3.14159265359, 270.727711956, 3.78238630519, 0.0921361263469, 0.0243592586565, 2.01138153692, 0.135704289611, 0.067468198907, 1223.15889131, -43.272052339, 85.165197602, 1
7.40039936408, 0.280588394169, 0.0379153043457, 0.0857979857198, 3.14159265359, 175.239136411, 2.47020578955, 0.0571699105048, 0.0231437845165, 2.99962707598, 0.220575558326, 0.0735343270143, -2425.75901209, 41.439599585, 61.3854442539, 1
1.66424717891, 0.169685737829, 0.101959456492, 0.0414465813513, 3.14159263252, 859.14679361, 0.682343306837, 0.0734168798973, 0.107595222466, 0.98209931555, 0.100562119266, 0.102395060941, 2049.56311054, 113.705214529, -36.7291346821, 1
10.9855984848, 0.209111723837, 0.019035077982, 0.0627332820971, 3.14159265359, 205.972623308, 7.68034760354, 0.00140210538969, 0.000182557543235, 3.35803252407, 0.21036362897, 0.0626449051528, 706.993052912, -96.2244653074, 8.30750668323, 1
4.70341233681, 0.122103736625, 0.0259606702286, 0.188931735842, 3.14159265359, 436.392975701, 3.73962685291, 0.0900987419423, 0.0240929765151, 0.97694766193, 0.166393841002, 0.170320117941, 1165.84852999, 195.912193571, -162.830423502, 1
5.66500617589, 0.274730723535, 0.0484961030941, 0.101688837203, 3.14159265359, 378.002684917, 1.15339555713, 0.0903161708978, 0.0783045940656, 4.52272414129, 0.282323498861, 0.0624233294008, 116.563600492, -4.93046389569, -26.6965348808, 1
10.8442251219, 0.385269019166, 0.0355275748, 0.0432282906232, 3.14159263869, 122.484588729, 8.75767545883, 0.319018308243, 0.036427281388, 2.08514474014, 0.105868617455, 0.0507727906928, -1284.27503335, -25.3903654832, -85.5976023419, 1
26.7500346726, 0.899153243634, 0.033613161801, 0.0322487695124, 3.14159265359, 136.589368996, 22.6137489319, 0.808672929427, 0.0357602329389, 4.11172421944, 0.121019888832, 0.0294328807998, -2085.69405058, 34.092252226, 12.4909454399, 1
25.7861922217, 0.404518052834, 0.0156873899549, 0.0506615852174, 3.14159265359, 177.910870027, 22.3005631168, 0.371675895211, 0.0166666596383, 2.01526602014, 0.0686323736246, 0.0340562352258, 69.4715375808, -59.497348089, 99.4709702141, 1
14.9175593649, 0.590118224606, 0.0395586308839, 0.056790263556, 3.14159265359, 197.571157695, 9.38397603788, 0.555051986529, 0.0591489134551, 5.55220064781, 0.100142067808, 0.0180364641265, -2297.56342356, -11.194971629, 2.31719974294, 1
8.59439915951, 0.35161940921, 0.0409126225911, 0.045237686873, 3.14159263252, 287.931726421, 5.064602523, 0.187251949692, 0.0369726842021, 3.57336352378, 0.204725612946, 0.0572921315125, -2123.8875645, -80.2767348267, -17.397008671, 1
5.15801028356, 0.312418029885, 0.0605694856563, 0.0619338366794, 3.14159265359, 273.126635801, 1.84771839077, 0.105461945585, 0.0570768500826, 3.30828512598, 0.241660974394, 0.0730472027626, 733.835667023, 112.369527917, 179.257681075, 1
22.1153000951, 0.9519358766, 0.0430442215348, 0.144101706511, 3.14159265359, 189.284504843, 0.401110559485, 0.0403773878447, 0.10066398625, 21.7307472412, 0.981222818431, 0.0451536621148, 1497.35290307, 28.294654458, 186.00630468, 1
4.88668820107, 0.356458437353, 0.0729447885124, 0.0711542853877, 3.14159263252, 346.098250459, 2.0691156663, 0.170868188211, 0.0825802979477, 2.82083504209, 0.225715787458, 0.0800173651027, -2435.30583423, -0.673794507983, -3.63021856929, 1
14.5911814725, 0.576213485187, 0.0394905296924, 0.063607070238, 3.14159265359, 135.23485212, 3.52592881596, 0.204185305909, 0.0579096506385, 11.0862861452, 0.494059261904, 0.0445649025683, -2301.36442655, 17.5788849113, 69.849889414, 1
12.6685508793, 0.648421053671, 0.0511835220813, 0.0556881319611, 3.14159263252, 198.002180481, 2.42781635025, 0.13417526617, 0.0552658219625, 10.2414485106, 0.57067838291, 0.0557224285529, -2455.11381517, 4.11835726729, -53.7275542907, 1
14.5164522392, 0.429200397975, 0.0295664802187, 0.102599845099, 3.14159265359, 122.072489784, 10.2414484795, 0.570678381176, 0.0557224285529, 4.29006426755, 0.233240231234, 0.0543675378009, -2445.35027081, 4.85573553835, -54.7766113224, 1
3.41104290817, 0.14737296105, 0.0432046635055, 0.0542782665346, 3.14159265359, 291.67650477, 2.76082585445, 0.0955541441056, 0.0346107103972, 0.653153531431, 0.0554916043093, 0.0849595104963, -1190.61320422, 34.8086682838, -21.4970433046, 1
15.094173349, 0.279833269002, 0.0185391582919, 0.112035124474, 3.14159265359, 142.838503575, 10.4399568503, 0.215720728478, 0.0206629904292, 4.67360622209, 0.438506052182, 0.0938260587959, -2437.88906314, -49.8382383578, -36.575416102, 1
3.91147993718, 0.182433082929, 0.0466404240489, 0.043032215095, 3.14159265359, 525.626801543, 0.573423015609, 0.0317761941161, 0.0554149262433, 3.33052622842, 0.169049832763, 0.050757694481, 2334.15312686, -27.810871103, -78.0943263484, 1
6.20810548209, 0.128920695626, 0.0207665117802, 0.109562119281, 3.14159265359, 170.515258915, 1.01142082505, 0.0968096566901, 0.0957164953427, 3.116171662, 0.108498436632, 0.0348178625571, -1225.0957471, -44.7523543954, -10.7575795434, 1
50.5931423473, 1.30433172868, 0.0257808008787, 0.0705334262716, 3.14159265359, 145.330879956, 1.07306372348, 0.050448957096, 0.0470139433401, 49.5266405774, 1.34523240857, 0.0271617939939, -902.737398114, -6.83885596085, 22.2914123678, 1
9.20258118763, 0.12049370147, 0.0130934679101, 0.050888184479, 3.14159265359, 66.2324619908, 6.01079827838, 0.0401374322669, 0.00667755436267, 3.16584616293, 0.144582725148, 0.0456695359495, -2369.36278054, -10.8442384793, -7.84961974803, 1
9.07431199435, 0.314560028643, 0.0346648901689, 0.095280572551, 3.14159265359, 180.151555997, 8.39663952836, 0.289866156253, 0.0345216863573, 0.680528230296, 0.0669667917597, 0.0984041348741, -1791.61825616, 37.921071418, -57.8372732157, 1
2.48020187706, 0.100448448798, 0.0405001099818, 0.269085473677, 3.14159265359, 217.260861213, 1.88350262297, 0.15866193617, 0.0842377038583, 0.571291462721, 0.123922023024, 0.216915587069, 2208.16025394, 81.6108304658, -280.423086834, 1
5.89300172881, 0.28590007577, 0.0485151861355, 0.0489760016353, 3.14159265359, 514.355496262, 3.09900415749, 0.176084313823, 0.0568196442711, 0.687786449704, 0.0287566132003, 0.0418103805515, -148.716046852, -146.692042771, -137.879143159, 1
20.8702212856, 0.43661338287, 0.0209204002629, 0.00560309064408, 3.14159265359, 187.779769018, 11.1087420194, 0.241526607414, 0.021742030465, 6.17426153976, 0.101983572457, 0.016517533603, 832.18338954, -21.9206314444, -9.63783667593, 1
8.06875218234, 0.124318966398, 0.0154074587482, 0.0681897825027, 3.14159265359, 52.7775461276, 3.58761793793, 0.131484388507, 0.0366494957887, 4.51453251867, 0.173032631629, 0.0383279178772, -1429.65865759, 42.0498033448, 18.3378185318, 1
5.91744561136, 0.301477853369, 0.050947296041, 0.161720139752, 3.14159265359, 289.30668152, 0.623012891347, 0.059251462077, 0.0951047127594, 4.20714256787, 0.327353663504, 0.0778090255376, -1024.51885446, -96.4785317647, -8.36128155363, 1
18.9400247431, 0.902708076531, 0.0476613990096, 0.0840725303956, 3.14159263252, 288.134083261, 17.978928821, 0.918279093561, 0.0510752950135, 1.00425878858, 0.0610649931162, 0.0608060330772, 1190.6212142, 34.1526829838, 120.988433456, 1
12.9829159974, 0.603898578057, 0.046514864471, 0.0437301203606, 3.14159265359, 244.268590274, 10.8245230456, 0.493129448971, 0.045556690756, 2.22043513414, 0.157475399039, 0.0709209634711, 990.300135155, 12.5102335422, 138.869114141, 1
5.16619377929, 0.113994777924, 0.0220655249869, 0.0550390304592, 3.14159265359, 145.846147387, 4.17724724437, 0.0999923840147, 0.0239373870315, 0.990455604969, 0.0455506929958, 0.0459896362514, 712.643951375, -32.741837159, -9.00221127648, 1
5.64850920828, 0.358964837956, 0.063550367844, 0.108190180742, 3.14159265359, 469.312404442, 3.62443814604, 0.132626604128, 0.0365923210121, 2.03391489751, 0.259478142568, 0.127575712674, 859.120098464, 49.1174130701, 88.9560190476, 1
1.91025001161, 0.0930967370591, 0.0487353678802, 0.30165593412, 3.14159265359, 443.297180673, 0.502856968217, 0.125524197513, 0.249622070383, 1.42411137778, 0.0957946663562, 0.0672662741489, 772.330444785, 115.357889349, -161.886466934, 1
11.1127817889, 0.48214308936, 0.0433863544267, 0.0270434475438, 3.14159263869, 297.80615215, 3.40386139757, 0.186497962928, 0.0547901166192, 7.66273161439, 0.303412046625, 0.039595807591, -598.501032316, 3.94376616355, -9.81661590236, 1
4.59203994129, 0.0902424352468, 0.0196519273353, 0.0309569089636, 3.14159265359, 206.745799761, 2.71145669316, 0.0875158919215, 0.0322763377126, 1.88219897722, 0.00665454793329, 0.00353551777141, -1621.03032178, 97.551135619, 8.23009692559, 1
13.4904542262, 0.649975545835, 0.0481804048209, 0.0539243413418, 3.14159265359, 258.247338045, 6.46252832201, 0.380926573415, 0.0589438923027, 7.0098210531, 0.360025617237, 0.0513601723224, -1101.63691225, -18.2831942228, -60.2454792561, 1
14.9341723709, 0.569223140938, 0.0381154795058, 0.0771012270773, 3.14159265359, 215.609788107, 13.5951102788, 0.610434969998, 0.0449010679193, 1.33580510757, 0.043775921125, 0.0327711886091, -2121.10534921, -20.7439477744, 3.28617482385, 1
11.2912036071, 0.54545779507, 0.048308206463, 0.164410063625, 3.14159265359, 324.591158954, 9.95223082263, 0.60827649333, 0.061119612695, 1.36199480316, 0.143384091386, 0.105275064966, -1011.71739631, -12.898278715, 22.9618017778, 1
7.33097717125, 0.418054089055, 0.0570256978422, 0.0397851936506, 3.14159265359, 286.884114889, 2.58869175987, 0.205454564586, 0.0793661755218, 4.74818547119, 0.219633199277, 0.0462562384325, -1728.07485548, -5.69096614692, -30.8408986494, 1
5.62402737309, 0.175017122519, 0.0311195360386, 0.069009227708, 3.14159265359, 157.658553233, 3.5997175697, 0.141028646515, 0.0391776976345, 0.936018416166, 0.0383486872225, 0.0409700135811, -2135.87860685, -21.3607293452, 36.5468053381, 1
2.35510919811, 0.145209436005, 0.0616571987922, 0.066492120758, 3.14159265359, 305.429477058, 1.05480110761, 0.0758302579304, 0.0718905748046, 1.30177262587, 0.0891206982329, 0.0684610326426, -2391.31664851, 61.9576551529, -11.5451190217, 1
12.6031211233, 0.450735474868, 0.0357637977498, 0.022712809775, 3.14159265359, 236.414948835, 11.7284331651, 0.402350847355, 0.0343055923745, 0.878415810754, 0.0493598670979, 0.0561919155981, -1394.66520266, -56.6999735203, -14.1604587705, 1
13.9821668555, 0.921112628015, 0.0658776738637, 0.176038722067, 3.14159265359, 307.574368894, 13.4744895834, 0.973718449685, 0.0722638467053, 0.515491927733, 0.054059327578, 0.104869396919, -1876.50740748, -49.3698798785, -87.6842243756, 1
18.0641037846, 0.393778294808, 0.0217989389069, 0.0390718528439, 3.14159263869, 63.2518710497, 1.94989899637, 0.0697639704303, 0.0357782482889, 16.1124430972, 0.351688382887, 0.0218271295524, -2300.52615256, 42.492067272, 17.3908324829, 1
2.7967691323, 0.0808881331415, 0.0289219915249, 0.0519942325434, 3.14159263869, 204.138820691, 1.05781436609, 0.0509339867423, 0.0481502127172, 1.741417886, 0.0589226122991, 0.0338359981099, -1287.0660257, 33.2044334187, -8.34423031968, 1
8.06106113432, 0.40154010147, 0.0498123131408, 0.0829237147097, 3.14159265359, 211.47907645, 3.38207213289, 0.120886841471, 0.0357434249541, 4.69870209376, 0.368647844668, 0.0784573776571, -2174.9207535, -13.5159014981, -60.1430660039, 1
10.3346302591, 0.463658229134, 0.0448645203079, 0.00548575059695, 3.14159265359, 257.939334756, 5.11783482989, 0.215562628989, 0.0421198878342, 5.21660327952, 0.248209241706, 0.0475806244804, -1893.59039936, 25.0324007012, 5.02769182934, 1
7.29569727468, 0.053012133398, 0.00726621889617, 0.194162769331, 3.14159263869, 124.078912311, 5.99564086904, 0.142996007646, 0.0238499954832, 1.3484099573, 0.229037194653, 0.16985724068, 1240.29336037, -15.6965675065, -61.1284676239, 1
7.28671408425, 0.155003199964, 0.0212720299126, 0.109406160905, 3.14159265359, 158.700859979, 1.77835170103, 0.0856504408622, 0.0481628244922, 1.20219309084, 0.0744042076493, 0.0618903969886, -2421.89504044, -61.5415966642, -10.5655886104, 1
11.1779801579, 0.416968450574, 0.0373026651225, 0.0962522872902, 3.14159265359, 121.079314228, 1.18120619412, 0.0605986276306, 0.0513023280203, 9.99777849364, 0.469418249279, 0.0469522554013, -774.58678529, 60.4459088441, -104.696066072, 1
9.90165539856, 0.231616074719, 0.0233916517386, 0.109866784187, 3.14159265359, 107.743974309, 8.56686783961, 0.322468026468, 0.037641298139, 1.33897776441, 0.0976327520476, 0.0729158875097, -1730.71745608, -2.88512001708, -30.8866126449, 1
26.680604239, 1.26598998526, 0.0474498243714, 0.043841438343, 3.14159265359, 203.239021512, 4.83436946895, 0.367384266577, 0.0759942468064, 21.783308926, 0.934397580917, 0.0428951168112, -2296.15550111, 49.2289094727, -67.8470310954, 1
9.09017680068, 0.269213779261, 0.0296159013366, 0.146036140497, 3.14159265359, 258.368438096, 7.98163660089, 0.336259641879, 0.0421291595563, 1.12247978132, 0.125308153266, 0.111635109471, -1152.72552996, 98.9835051869, -36.4291024643, 1
7.64264720312, 0.222941493059, 0.0291707162628, 0.0687804168256, 3.14159265359, 126.158765846, 2.79908945453, 0.049563602818, 0.0177070449598, 4.85807437137, 0.25935502745, 0.0533863847326, 1017.47583258, 76.1244933884, -99.2116135277, 1
2.25816584481, 0.147437187451, 0.0652906817231, 0.0444960898836, 3.14159265359, 671.800281676, 1.29138696861, 0.0638960889641, 0.0494786539724, 0.967193614587, 0.0855788738457, 0.0884816365151, 2116.58654315, -78.1718814254, 209.894885929, 1
23.0529017718, 0.878934806494, 0.0381268620842, 0.0217711309794, 3.14159265359, 194.89405589, 6.55549885647, 0.351430774173, 0.053608547857, 16.5001631667, 0.528030179391, 0.0320015125945, -2421.17938129, 57.1534857598, -70.0622127011, 1
17.0267239363, 0.537577364392, 0.03157256595, 0.055207296986, 3.14159263869, 188.413834704, 16.5001588557, 0.528030041433, 0.0320015125945, 0.523526216482, 0.0312635880657, 0.0597173304439, -1093.35056984, 38.9970016806, -87.7250754717, 1
13.9550888019, 0.484481077253, 0.0347171618993, 0.0579239311102, 3.14159265359, 255.777690456, 3.15949898053, 0.247348832035, 0.0782873593439, 10.8115309957, 0.244682861963, 0.0226316570761, -1077.47949962, -69.1020466595, 25.6242613892, 1
23.6983548054, 0.567101118658, 0.023929978402, 0.0519760303464, 3.14159263869, 77.625233337, 20.7487834966, 0.367142554548, 0.0176946544653, 2.9536259701, 0.203664771441, 0.068954151102, -2058.4190444, -9.40017354809, 45.2357160415, 1
29.4359289049, 1.19608900986, 0.040633642435, 0.0132587136316, 3.14159265359, 168.597023469, 22.9486341381, 0.994317322932, 0.0433279521974, 6.49350291809, 0.204478458801, 0.031489699994, -2332.66254022, 33.1738363252, 15.1276365531, 1
11.7677621495, 0.421135047999, 0.0357871821889, 0.0643463458748, 3.14159265359, 196.802698174, 2.44656870033, 0.0503963471875, 0.0205987868564, 9.33267737951, 0.454582917646, 0.0487087358923, -2297.28903227, 2.67117609809, -21.0129067714, 1
3.81381470171, 0.095564931061, 0.0250575705784, 0.0501627605147, 3.14159263869, 94.4322227479, 0.757452866605, 0.0257758126529, 0.034029592849, 3.05711229464, 0.096746015848, 0.0316462094041, -1254.14941671, -57.7219162254, 40.6011040894, 1
4.2376757158, 0.0559160518882, 0.0131949813148, 0.0266862539799, 3.14159265359, 71.4446159123, 2.74251543745, 0.0108746813888, 0.00396522157736, 1.49191856801, 0.0456502060676, 0.0305983228886, -1489.27796879, -11.3400537452, -6.94002015007, 1
6.15640019167, 0.194603840433, 0.0316100049337, 0.0303582937274, 3.14159265359, 121.365198788, 4.40983644465, 0.130330715201, 0.0295545462598, 1.75054593708, 0.0732287569479, 0.0418319539046, -356.514297496, -44.7467928564, -93.5909320582, 1
19.6185674463, 0.778558868191, 0.0396847970842, 0.0549995808429, 3.14159263252, 203.572091092, 14.4650366129, 0.765154946158, 0.0528968551296, 5.16329014644, 0.0967833377893, 0.0187445088392, -1556.15972684, 9.09730842339, 215.295897173, 1
12.5051965559, 0.458272527234, 0.0366465673037, 0.100353922497, 3.14159265359, 157.259135909, 1.23538211956, 0.067577893612, 0.054702016924, 11.2741780824, 0.522807856116, 0.046372148133, -2419.99814693, 17.0312373595, 9.61108026082, 1
39.8421403164, 1.59243241504, 0.0399685459264, 0.0320008793546, 3.14159265359, 178.581727312, 27.9382555022, 1.27785161581, 0.0457384182669, 11.9081399735, 0.40441409331, 0.0339611470986, -2454.1325648, 6.28519252773, -13.8137824589, 1
22.9444529921, 0.503131470152, 0.0219282399247, 0.019988008728, 3.14159265359, 158.221327222, 4.05445068309, 0.0472712089011, 0.0116590908599, 18.8812008905, 0.460233547699, 0.0243752264683, -1139.1695133, 23.8876363616, -7.21281633149, 1
8.99296222079, 0.635946747882, 0.0707160479794, 0.0382935713975, 3.14159265359, 423.610863888, 3.12295298872, 0.169362668996, 0.0542315781276, 5.88145859411, 0.472345042165, 0.0803108675522, -2452.30371325, 11.4748464168, -88.253701721, 1
25.7391932311, 0.0897474326628, 0.00348680053245, 0.0640035550501, 3.14159265359, 61.1487899048, 15.5409153828, 0.379370359578, 0.0244110691188, 5.08190686673, 0.220039244895, 0.0432985591168, -2350.76712955, -40.8884338425, -17.8583852999, 1
24.3496875375, 0.657336473028, 0.0269956841137, 0.0230153812912, 3.14159263252, 136.733814902, 12.768992499, 0.327888164974, 0.0256784679762, 11.5833978973, 0.381189129326, 0.0329082306165, -2375.7071934, -5.73768429825, 0.511324209879, 1
33.3484390363, 1.10524171185, 0.0331422322539, 0.0955318446988, 3.14159265359, 217.895717254, 31.0987553263, 1.0177432509, 0.032726173129, 2.09402384624, 0.216604577408, 0.103439403423, 2072.34439182, 59.9896343729, -104.749890355, 1
7.27402555126, 0.194457438721, 0.0267331256057, 0.0932021324273, 3.14159265359, 199.962233081, 0.549151595763, 0.0348995331677, 0.0635517285882, 6.7313052255, 0.209870634455, 0.0311782971392, 457.380482166, -8.977057632, 8.98067189955, 1
3.46456839459, 0.199189917461, 0.0574934291303, 0.131219226702, 3.14159265359, 377.26950473, 2.7351393603, 0.230465412424, 0.0842609395954, 0.731090511139, 0.0343403526159, 0.046971410643, -1864.55642658, 73.9709092678, -37.7917825058, 1
12.1610699114, 0.402143888655, 0.0330681339376, 0.0141048419734, 3.14159265359, 148.391705589, 10.2162597949, 0.330322664586, 0.0323330329511, 1.93899213834, 0.0768430635582, 0.0396304152238, -2328.60441502, -5.85558668828, -13.0763784394, 1
18.2346670171, 0.827653751398, 0.0453890246871, 0.030755606054, 3.14159265359, 239.447893662, 2.57434100048, 0.110904572474, 0.0430807622042, 15.6590676707, 0.735992830117, 0.0470010632557, -2287.75072992, -33.7880978826, -30.2491682127, 1
3.44620391152, 0.185339933634, 0.0537808958474, 0.0312313054395, 3.14159265359, 366.236780889, 1.2918759394, 0.0468312795182, 0.0362506012303, 2.16041639437, 0.140436440345, 0.0650043393072, -939.957600821, 40.6988933202, -31.7679950978, 1
21.5618919412, 1.13009847895, 0.0524118422458, 0.0817973645929, 3.14159265359, 282.138854974, 8.712389339, 0.0398573777085, 0.00457479299393, 12.8795822875, 1.09931431519, 0.0853532584092, -2297.65841592, 0.518287571789, -24.1194533589, 1
9.16051491658, 0.307675998306, 0.0335871947273, 0.0641270992805, 3.14159263252, 187.591718424, 7.5031541429, 0.210501333768, 0.0280550458858, 1.65968283068, 0.127095357665, 0.0765780999331, -1899.03057113, -22.5677969716, -16.1427265562, 1
19.7802897016, 0.821243486664, 0.0415182739511, 0.0368192757211, 3.14159265359, 215.506003733, 1.48909967303, 0.083752467091, 0.0562436945008, 18.2913177409, 0.756429362909, 0.0413545581366, -612.590663196, -104.925615747, -14.6980441862, 1
43.9322929907, 0.548733037415, 0.0124904256086, 0.0281146355869, 3.14159263869, 74.7619550709, 14.0867585533, 0.105347652629, 0.00747848784587, 29.9948588834, 0.637991538353, 0.0212700296685, -2083.94234685, -18.4925731677, 3.83074182333, 1
1.67047637876, 0.0589113807914, 0.0352662159972, 0.386138116199, 3.14159263869, 277.613986946, 0.284516174754, 0.0900916437513, 0.316648583615, 1.40331031102, 0.107296773853, 0.0764597630407, 1605.34837431, -37.6289882359, 3.62285844379, 1
5.46413760507, 0.18337568486, 0.0335598585016, 0.058297798693, 3.14159265359, 178.810425163, 4.50968433364, 0.179028889119, 0.0396987629009, 0.947358549012, 0.0367503011591, 0.0387923887924, -1877.58643032, 10.6638829327, -26.3461090873, 1
8.71370075215, 0.264509285471, 0.0303555622341, 0.0916186356967, 3.14159265359, 281.285276255, 1.44256313856, 0.0775469514997, 0.0537563656155, 5.97086479774, 0.237986736862, 0.0398580012985, -2134.00396134, 19.2700321052, 135.682931399, 1
4.51922123819, 0.0845657673277, 0.0187124645753, 0.0469192652574, 3.14159265359, 235.081293447, 0.997596604182, 0.0476353181969, 0.0477500805408, 1.78924369537, 0.0242553130996, 0.0135561819569, 1147.62504608, 56.277874476, 55.1430658438, 1
8.7680690455, 0.341513118771, 0.038949638398, 0.123766082596, 3.14159263869, 140.355376849, 6.67028036188, 0.3880423282, 0.0581748153223, 2.12169524705, 0.145924316808, 0.0687772275546, -1346.42300199, 61.3480491643, 131.977730746, 1
18.871107555, 0.572729092621, 0.0303495219319, 0.0571416762369, 3.14159263869, 135.405078833, 1.79961250037, 0.122992362891, 0.068343803383, 17.0635450411, 0.507040649826, 0.0297148481517, -1458.32399331, -60.1836566105, -18.3115904595, 1
18.1420541822, 0.328283818143, 0.018095184528, 0.0479618885372, 3.14159265359, 111.51596136, 8.02269555853, 0.267647851513, 0.0333613371666, 10.1269281215, 0.281531831993, 0.0278003189727, -2449.0381268, 6.93865670679, 26.1630823017, 1
9.53330116883, 0.475351603285, 0.0498622245187, 0.0265836435271, 3.14159265359, 219.290099078, 3.99246573217, 0.232123893677, 0.0581404849155, 5.54378634908, 0.258034622754, 0.0465448353357, -1828.88818181, -11.1795197921, -59.5465641287, 1
1.31296807441, 0.152366814156, 0.116047615419, 0.141185577509, 3.14159265359, 1325.74392534, 0.782665126576, 0.0614305674224, 0.0784889543899, 0.533443547112, 0.100882821707, 0.189116209677, 1740.57337577, 188.934247082, 232.217129822, 1
17.7149099283, 1.64506457351, 0.0928632761993, 0.0570112505068, 3.14159265359, 584.905784902, 0.271575620656, 0.0102711953439, 0.0378207562189, 17.4342516458, 1.63039976255, 0.0935170488344, -759.47099537, 10.6243691924, 12.9504569269, 1
24.0525292291, 0.520696154441, 0.0216482910999, 0.0264509966192, 3.14159263869, 156.39966454, 11.5099352545, 0.302368210686, 0.0262701921426, 13.0966176778, 0.310787914897, 0.0237303953238, -2229.29780513, -3.25624824296, -48.1331653944, 1
20.3186312936, 0.531468732464, 0.0261567191601, 0.0435842055019, 3.14159265359, 288.077953113, 11.7874972629, 0.254432233717, 0.0215849240974, 7.58634026277, 0.377150823994, 0.0497144619053, 557.327159618, 58.052639703, -72.9414316319, 1
17.4281282351, 0.459935670094, 0.0263904226484, 0.124069983749, 3.14159265359, 142.173131433, 7.86376042772, 0.511383362546, 0.0650303842859, 9.5599339972, 0.565558726586, 0.0591592710526, -1879.70548303, 9.79768774767, 19.5533062919, 1
6.10776762474, 0.42418264877, 0.0694497032029, 0.0349876144251, 3.14159265359, 390.598345152, 3.16028991752, 0.269593107538, 0.0853064480078, 2.9415603372, 0.156084490107, 0.053061801294, -1690.59061051, 42.8941001947, 9.44640340986, 1
12.9416763636, 0.225621859715, 0.0174337430002, 0.0374256825172, 3.14159265359, 195.103526609, 4.18753253766, 0.0674747908748, 0.0161132576925, 5.84457773644, 0.161921833412, 0.0277046248188, -1303.85563215, 110.817127363, 33.0294458342, 1
26.5737898363, 1.68360034253, 0.0633556731236, 0.0426066963368, 3.14159265359, 289.758730924, 2.06015228584, 0.144588815498, 0.0701835570562, 21.600897534, 1.43085342357, 0.0662404615976, -2471.59802133, -3.49432530894, 11.1170633414, 1
36.4738201642, 1.56630231665, 0.0429431934905, 0.0463572573752, 3.14159265359, 163.012127226, 9.32229444037, 0.71918370837, 0.077146641631, 27.064788528, 0.84002739955, 0.0310376487398, -2010.687011, -40.1560296105, -48.0815685672, 1
17.7265380497, 0.630511987878, 0.035568816997, 0.0299800018718, 3.14159265359, 192.776489547, 13.0824296607, 0.524566697392, 0.0400970393876, 4.64559032017, 0.144203056029, 0.0310408464998, -2450.2369783, -28.3415013752, 69.1054863314, 1
8.43604376228, 0.663929010897, 0.0787014659485, 0.0401351343367, 3.14159265359, 451.336423869, 2.1834876052, 0.217863686602, 0.0997778444371, 6.24331530617, 0.454560060211, 0.0728074809487, -2386.71314538, -45.4552323764, -78.9536378795, 1
16.7193523147, 0.888852736027, 0.0531631081932, 0.0612010170602, 3.14159263869, 282.684568877, 3.07814305092, 0.138149340712, 0.0448807408969, 13.583990175, 0.839613647961, 0.0618090588365, -2220.08703886, 36.9076087474, -18.5589962639, 1
8.25218939746, 0.426661092994, 0.0517027751599, 0.0331996113909, 3.14159265359, 407.31498991, 3.74333354809, 0.204897797119, 0.0547367191534, 4.40074920018, 0.240531739202, 0.0546569977659, -1379.29813045, -54.4880305736, 89.8008136221, 1
17.9607888605, 0.620542822405, 0.0345498645536, 0.0560526541492, 3.14159265359, 155.732822861, 16.5149494242, 0.628498336423, 0.0380563282562, 1.44328007913, 0.0515877885053, 0.0357434355612, -2198.47676107, 33.0701621464, -59.3008506666, 1
7.0199884642, 0.0417472514668, 0.00594691169077, 0.0997380321987, 3.14159265359, 17.5445873114, 2.0557509326, 0.135253163449, 0.0657925828001, 4.97140368389, 0.168556883635, 0.0339052900053, -1979.83888125, -11.3147556077, -7.7112457878, 1
7.6020952933, 0.163312886217, 0.0214826149787, 0.0322832300539, 3.14159263869, 104.441881457, 2.4212312179, 0.0827564304548, 0.034179482671, 2.07024468448, 0.0242299062331, 0.0117038852532, -2045.27333745, -54.0394186981, 18.5884980472, 1
5.26861601185, 0.277971649514, 0.052759899163, 0.0477416619089, 3.14159265359, 292.463286965, 1.40718342479, 0.0290969391419, 0.0206774316903, 3.86174950099, 0.251714262435, 0.0651814060883, -1901.45676123, 1.13926489355, -14.6161387796, 1
18.1910147205, 0.209862447831, 0.0115365993077, 0.144680975452, 3.14159265359, 50.6767974511, 1.44321458134, 0.181156104503, 0.125522640116, 16.9033930744, 0.354415372244, 0.0209671141577, 1789.98369642, -29.4290196524, 48.4235514038, 1
8.45845934454, 0.086075057291, 0.0101762098492, 0.188862577176, 3.14159265359, 42.1497515128, 1.6165302933, 0.234045333836, 0.14478252267, 6.84723016811, 0.303309976767, 0.0442967403345, 158.795801099, 27.6839800158, -78.0710551632, 1
8.89328700505, 0.727514621735, 0.0818049188474, 0.0148072834458, 3.14159263869, 1162.13769235, 3.86380512545, 0.343040968772, 0.0887831962625, 3.31856089043, 0.252031085651, 0.0759458976263, 2074.48978986, -89.4842610861, -397.979640241, 1
5.73599649993, 0.243209593141, 0.0424005825568, 0.144425166296, 3.14159265359, 49.8747608952, 2.95312421585, 0.240937602462, 0.0815873579476, 0.894125754494, 0.0564405420826, 0.0631237181112, 1454.76860644, 23.8626736049, -337.437779089, 1
7.39194444413, 0.0927130730963, 0.0125424472271, 0.0298030845681, 3.14159265359, 125.853390182, 1.51398545836, 0.0218442268494, 0.0144282936991, 5.87832382649, 0.106375786675, 0.0180962787718, -1398.47487351, 9.64145508364, -99.5267969049, 1
6.81337983749, 0.0436854986793, 0.006411722188, 0.0432313865883, 3.14159265359, 17.7578186604, 5.86580346849, 0.0622562160951, 0.0106134166324, 0.933074520853, 0.03371582693, 0.0361341202407, 1475.55999932, -46.1538764346, -40.8755692882, 1
4.23753141809, 0.26049916829, 0.0614742741914, 0.0698958916656, 3.14159265359, 422.071573059, 2.85997899124, 0.145982764123, 0.0510432994682, 1.39301228507, 0.137491494347, 0.0987008483851, -1720.56156383, 3.74594916583, -83.7590207555, 1
7.83041952277, 0.199914599163, 0.0255305093912, 0.0385592715448, 3.14159265359, 119.531247353, 3.26940227713, 0.150999957562, 0.0461857993489, 4.5573030856, 0.0663452062438, 0.0145579973501, -118.629320445, -1.59911913028, 61.9989437013, 1
15.8990178375, 0.789272611906, 0.0496428534123, 0.133674861141, 3.14159263252, 322.466977425, 6.43371721031, 0.367889978599, 0.0571815587433, 9.49074855439, 0.767846315581, 0.0809047159115, -1037.34528553, -0.496352983566, -37.4195521921, 1
5.91989513559, 0.0347794866948, 0.00587501736065, 0.085876728306, 3.14159265359, 36.2849427277, 3.05416349755, 0.109490016184, 0.0358494285823, 2.87208987343, 0.143676993806, 0.0500252429894, -2002.41489803, -23.0247079206, -54.2363053951, 1
5.87471930167, 0.167229059049, 0.0284658807445, 0.0954134762502, 3.14159265359, 111.573331757, 1.95340664538, 0.114965443749, 0.0588538203352, 3.92825596257, 0.197555989404, 0.0502910175118, -1587.69247792, 21.4350154956, 44.8834888366, 1
2.69414020684, 0.0537029863813, 0.0199332559772, 0.106892637776, 3.14159265359, 477.135700205, 1.21743978518, 0.0570339462124, 0.0468474473288, 1.48001052459, 0.0949738207104, 0.0641710441461, 1077.09963978, 113.069074542, -312.164615765, 1
5.15917988962, 0.232988365835, 0.0451599616256, 0.169982377515, 3.14159265359, 161.781063084, 3.36791348398, 0.324691692307, 0.096407373245, 0.888938669073, 0.0705234535555, 0.0793344423064, -1009.89572326, 111.547592144, 49.149376192, 1
13.1713962571, 0.463250558622, 0.0351709529939, 0.0474408494411, 3.14159263252, 283.487040203, 2.45469233347, 0.19474164731, 0.0793344423064, 9.79528241129, 0.402553789842, 0.041096700732, -2127.27441442, 39.5986486531, 105.111066644, 1
19.3329885745, 0.385420380514, 0.019935892427, 0.0413948950765, 3.14159265359, 98.1122242367, 2.47906063552, 0.139323600136, 0.0562001582938, 16.7979205382, 0.249203188286, 0.0148353593958, -1668.63211903, -4.99606532147, 12.5101732919, 1
9.50296612058, 0.598233744272, 0.062952317906, 0.0671840621905, 3.14159263252, 341.163895233, 0.706873715419, 0.038537620291, 0.0545183948001, 8.80090013717, 0.58518890772, 0.0664919381653, -266.884362539, -30.9611895316, 95.9436774724, 1
27.1396303088, 1.60202689777, 0.059029061175, 0.0230557911856, 3.14159262379, 215.888666747, 14.4033418612, 0.820909696518, 0.0569943909149, 12.7380515349, 0.808879520162, 0.0635010400094, 898.163417374, -13.1413824692, -282.69922611, 1
18.069544191, 0.679715681784, 0.0376166479131, 0.0228808125864, 3.14159265359, 163.162132548, 17.5305499092, 0.665004083025, 0.0379340115666, 0.539099401016, 0.0175094413097, 0.0324790591062, -2078.34545368, -28.3794430009, 62.5041167189, 1
28.6258804192, 0.700940243653, 0.024486242288, 0.0365485819924, 3.14159265359, 66.2742168433, 2.80042127585, 0.0988115936046, 0.035284546099, 25.8329822617, 0.664864814525, 0.025737052261, -1341.60885756, -66.2255647366, 41.4944551357, 1
9.23340152519, 0.044702371223, 0.00484137629031, 0.060439387914, 3.14159265359, 86.1899336228, 1.61723467711, 0.0363275875738, 0.022462780503, 2.41102848752, 0.138281220111, 0.057353623496, -1735.99981211, -64.8898049743, 29.0722794156, 1
6.6691097409, 0.1917557568, 0.0287528267265, 0.215753743064, 3.14159265359, 112.36784186, 5.82135083115, 0.315357511971, 0.0541725659762, 0.863482113387, 0.144434673147, 0.16727002321, 484.281152737, 97.4602789506, -189.804338118, 1
3.04150628511, 0.0564997465037, 0.0185762386158, 0.111605007192, 3.14159265359, 159.171992048, 0.867878950733, 0.0812590447428, 0.0936294683426, 2.18689570692, 0.0569156581063, 0.0260257761384, 1043.63703469, 22.7914240866, 50.4622692434, 1
24.7459311838, 0.621888845233, 0.0251309534733, 0.0193712400645, 3.14159263869, 141.645637337, 14.6704592837, 0.27884585895, 0.0190073026043, 9.81063603549, 0.346961381907, 0.035365839753, -2297.45865825, 14.6871285448, 31.6392918589, 1
7.22776160553, 0.205073970737, 0.0283730955625, 0.0649345597508, 3.14159265359, 299.813941612, 4.97278680546, 0.205114349176, 0.0412473643452, 2.25121300798, 0.106970231728, 0.0475167082584, 2462.47629111, 29.6466308503, -4.78292717136, 1
19.6187938027, 0.288530189187, 0.0147068261224, 0.0302796466485, 3.14159265359, 112.259953832, 18.2989085896, 0.278157631212, 0.0152007771311, 1.32058589941, 0.038892226172, 0.0294507356087, -2445.85816404, -24.4984351056, -34.2993435144, 1
10.8172779868, 0.896297833359, 0.0828579827985, 0.0656043650801, 3.14159265359, 697.309554555, 5.52897584828, 0.516178041827, 0.0933587080124, 5.28100767816, 0.445780858009, 0.0844120829159, 742.510288002, 123.206204975, 87.7078263447, 1
5.73984005948, 0.190031383384, 0.0331074352969, 0.0446146225762, 3.14159265359, 142.724092477, 1.25112931073, 0.0547013140639, 0.0437215510779, 4.48892037123, 0.16233647747, 0.0361638131321, -2451.30033701, -22.3125524412, -25.6306655768, 1
7.88439016133, 0.36258558591, 0.0459877781909, 0.173949360134, 3.14159265359, 547.050161936, 4.48890906414, 0.162336068563, 0.0361638131321, 3.43724865731, 0.494101371472, 0.14374909142, 1450.29179506, -19.6704841506, -147.747573293, 1
21.1536263011, 0.795738970927, 0.0376171423093, 0.0401592348919, 3.14159265359, 200.519986396, 1.35869022744, 0.0198769356329, 0.0146294830355, 19.8068190017, 0.792755068234, 0.040024350612, -927.59954155, -10.3843080691, 35.0407117399, 1
10.175332752, 0.0603463734921, 0.00593065356806, 0.105687652565, 3.14159263252, 73.5002105569, 6.21053750831, 0.282390332367, 0.0454695478433, 3.9768905204, 0.240903051431, 0.0605757312642, -2446.935964, 57.7594579869, -73.7123616255, 1
6.15727305281, 0.161832759549, 0.02628318708, 0.120994659699, 3.14159265359, 210.730936723, 3.97689003418, 0.240903021978, 0.0605757312642, 2.19213414301, 0.150364068608, 0.0685925489948, -2276.87770849, 51.5344836236, -67.7058965938, 1
12.5875951383, 0.74568989466, 0.059240060271, 0.0888270470032, 3.14159265359, 363.007946824, 8.47535910968, 0.73380250554, 0.0865806977667, 4.1183873915, 0.0993024021214, 0.0241119624458, -2411.19134561, 15.4498012813, -94.7076824346, 1
15.2995877, 0.501337772822, 0.0327680577185, 0.0385903527406, 3.14159265359, 143.883331254, 0.943551991332, 0.0631708760885, 0.0669500744727, 14.3580975366, 0.444963495841, 0.0309904215866, -1843.74725133, 6.71180348789, -38.477563297, 1
39.3558918211, 0.721053376899, 0.0183213578332, 0.120984726519, 3.14159263252, 80.3297348233, 37.8346182497, 0.525881233283, 0.0138994724306, 1.66157382771, 0.219270861997, 0.131965765433, 1006.3610649, -52.3677272496, -83.1056176612, 1
7.24605474558, 0.398881709377, 0.0550481225139, 0.339267631865, 3.14159265359, 763.831334352, 0.952696939093, 0.322260073371, 0.33826084681, 6.35604827636, 0.132430728834, 0.0208353875044, 1519.14928721, 209.30138855, -223.459159507, 1
21.4947481027, 0.921713782368, 0.0428808831796, 0.121195512298, 3.14159265359, 182.564266989, 17.6505493216, 1.12516498728, 0.0637467404998, 3.8673860285, 0.235094599976, 0.0607890182783, -2245.64041948, -52.9614538672, 29.1695945289, 1
5.78420424301, 0.244791475225, 0.0423206831813, 0.0878918558341, 3.14159265359, 207.361409576, 4.89231440691, 0.266471517929, 0.0544673738778, 0.898139902002, 0.0388841363858, 0.0432940751203, -1878.85162057, -10.286091207, -36.4589762463, 1
6.17077481342, 0.202231660026, 0.0327724906743, 0.0838016810351, 3.14159265359, 152.404853445, 3.70157456406, 0.223929166514, 0.0604956519553, 2.46443153806, 0.0945535402473, 0.0383672821854, -2304.93195203, 25.6850339603, -53.0351400919, 1
29.6181821988, 0.311068952475, 0.0105026348473, 0.034021872284, 3.14159263869, 74.3383941333, 20.9324840319, 0.339750256176, 0.0162307662892, 8.67301608937, 0.205116531598, 0.023649965535, -2346.46441204, -4.79717568868, 24.3618465192, 1
3.42454332344, 0.14286753853, 0.0417187125512, 0.214100928163, 3.14159265359, 351.409368298, 2.70663594126, 0.126111262524, 0.0465933598981, 0.730392500011, 0.134497452105, 0.1841440761, 663.53286083, 6.12447574665, -92.4560681992, 1
11.590100067, 0.734243140429, 0.0633508887914, 0.0484060508876, 3.14159263252, 299.644219086, 6.83449857618, 0.564770921044, 0.0826353118299, 4.75824558332, 0.174285549052, 0.0366281113491, -1081.80829192, -3.26446273122, -94.9302881302, 1
44.4641631849, 0.778800658504, 0.017515243799, 0.0175383674378, 3.14159265359, 81.8388076608, 25.3287080313, 0.354433760942, 0.0139933612288, 19.1306345441, 0.479960766304, 0.0250885962615, 163.809090083, 5.96921080437, -69.5691746158, 1
3.19807391872, 0.161747840413, 0.0505766422302, 0.0378299202157, 3.14159265359, 174.017637487, 0.910115534116, 0.0253673337005, 0.027872652152, 2.28829353715, 0.138560442528, 0.0605518655185, -398.572886352, -91.4391504823, 145.262038845, 1
21.5432244592, 0.564762714312, 0.026215328879, 0.0665470805423, 3.14159265359, 163.256486046, 16.9753887893, 0.644205550228, 0.0379493841481, 4.53771274891, 0.134652992765, 0.0296741993634, -2264.54848603, 22.2890844802, -27.1411538053, 1
20.2097331525, 0.354470654507, 0.0175396009355, 0.0299442389187, 3.14159265359, 65.6612807577, 5.73003947639, 0.115222135404, 0.0201084365785, 14.4829749722, 0.328124702982, 0.0226558910453, -1848.6482326, -85.0363012074, 14.5396539522, 1
22.619757092, 0.760937621789, 0.0336403975822, 0.0287599171724, 3.14159265359, 145.449751867, 3.65957515066, 0.0761131805995, 0.020798365238, 18.9645298443, 0.708783811013, 0.037374183111, -2357.34422913, 2.78820061593, -24.0976763485, 1
28.839251833, 1.94548656589, 0.0674596753466, 0.0509804592416, 3.14159265359, 327.638876887, 23.6233121736, 1.50710474952, 0.0637973514655, 5.23085910438, 0.491812745621, 0.0940214094486, -2393.96515461, -33.4180339455, 1.41433308957, 1
1.78607535011, 0.191144996254, 0.107019558969, 0.124986274345, 3.14159265359, 933.118467331, 0.791583243877, 0.110817639861, 0.139994928794, 0.996503393885, 0.0773372534522, 0.0776086202283, 247.92275765, -136.176473032, -11.0811896192, 1
2.97542198861, 0.11904950621, 0.040010965391, 0.112104041278, 3.14159263252, 169.811077991, 1.06752790538, 0.111055233507, 0.104030286186, 1.91348413812, 0.0593132204045, 0.0309974978224, 1663.26059283, -91.9730379859, 189.888083716, 1
2.95017569171, 0.184083274259, 0.0623973937472, 0.104242710361, 3.14159265359, 412.456501727, 1.96889867797, 0.148993791251, 0.0756736712349, 0.984945281094, 0.120192742407, 0.122029867764, 1886.07247652, 152.058181036, 199.338357697, 1
25.6476752606, 0.658092917211, 0.0256589694982, 0.00626137566913, 3.14159265359, 90.0129774173, 12.9573779132, 0.357417719278, 0.0275841085806, 12.6861638254, 0.305703215419, 0.0240973725096, -1563.44193874, -32.1202619041, -48.7438459978, 1
13.4282917424, 0.641509023546, 0.0477729435622, 0.0764876707034, 3.14159265359, 274.511634326, 0.481385656731, 0.0413703709233, 0.0859401819412, 12.9485252414, 0.620418312505, 0.0479142065167, 854.963904322, 20.8077420556, 111.607448448, 1
5.78393638203, 0.217715148761, 0.0376413456824, 0.0624057023946, 3.14159265359, 147.429569223, 4.67340492299, 0.234678965605, 0.0502158425113, 1.11460115578, 0.0243059992229, 0.0218069029417, -1581.00613131, 73.5725158275, -34.5263018183, 1
2.47450287527, 0.195299231821, 0.0789246332154, 0.199972441956, 3.14159265359, 829.633153537, 1.49436420523, 0.131976626103, 0.0883162388665, 0.408957983917, 0.0498098252001, 0.121796925745, 1023.77206939, 22.175494813, 182.218176359, 1
6.17852496133, 0.362362904256, 0.058648772405, 0.028355517134, 3.14159265359, 230.510052973, 0.950709730807, 0.0443111523862, 0.0466084977889, 5.22651863322, 0.322984878588, 0.0617973265292, -2186.26383435, 71.1294452662, -47.077695582, 1
27.2253458646, 0.284169976485, 0.0104376994106, 0.0237712441793, 3.14159265359, 39.080210021, 1.29663670991, 0.0158145609669, 0.0121966012886, 25.9481120164, 0.300581983293, 0.0115839635309, -2213.90945356, 19.0638481755, 2.07494224905, 1
8.4500149794, 0.435365324592, 0.051522432286, 0.0397408588509, 3.14159265359, 185.097391716, 5.57579108754, 0.360380331563, 0.0646330405686, 2.75048879003, 0.096238840265, 0.0349897227773, -2209.67039861, 37.1038976184, 65.6928073963, 1
20.29696507, 0.883285841444, 0.0435181239362, 0.03739458688, 3.14159265359, 211.260012938, 4.58159840459, 0.17608814207, 0.038433779332, 15.696239029, 0.760269953199, 0.0484364408439, -2305.79856247, 22.8821463499, -2.79381656809, 1
3.44281911237, 0.12115437994, 0.0351904575831, 0.10505501047, 3.14159265359, 103.243314823, 1.59257837024, 0.145196353017, 0.0911706172396, 1.85496240992, 0.0290333855163, 0.0156517379333, 2387.87370558, 75.8090269584, 384.171901527, 1
16.5796758696, 1.11849239177, 0.0674616561002, 0.0153099842881, 3.14159265359, 392.337795981, 10.713798618, 0.779713069012, 0.0727765283643, 5.82554630589, 0.335505783526, 0.0575921580413, -1306.83292617, 51.5197073222, -16.2384368827, 1
2.55308804872, 0.173451678039, 0.0679379930223, 0.0987048658872, 3.14159265359, 379.549922374, 0.748247139338, 0.0280194611052, 0.0374468001708, 1.80750430232, 0.169370841961, 0.0937042538399, -1509.36005927, -62.0299342859, 63.6081513645, 1
29.7974005433, 0.617859343984, 0.020735343779, 0.0445292864275, 3.14159265359, 125.793513919, 1.3374713183, 0.0853948130549, 0.0638479583722, 25.4947798777, 0.527031758031, 0.0206721438883, -1520.0365877, -29.430584073, -9.40095893762, 1
22.3788829426, 0.436235196821, 0.019493162279, 0.0660148791512, 3.14159265359, 122.499837001, 20.0686124005, 0.487172139409, 0.0242753275457, 2.31474863661, 0.127320973684, 0.0550042331466, -1893.87942012, -20.7107487782, -1.50670060521, 1
14.7590451248, 0.449693659583, 0.030469021253, 0.0379856597492, 3.14159265359, 206.993937039, 0.844174935886, 0.00874205233018, 0.0103557354744, 9.39524731496, 0.261270437625, 0.0278087876632, -1995.52518829, 35.9565759984, -40.8393261791, 1
7.3291084094, 0.288373405953, 0.0393463147008, 0.0561197204852, 3.14159265359, 442.144159459, 0.827927863934, 0.0253034265329, 0.0305623564988, 6.50597047475, 0.277413150193, 0.0426397800712, 1201.35717948, 94.6643044923, -65.0921737344, 1
26.1844609957, 1.1975017579, 0.0457332980081, 0.0545098162126, 3.14159263869, 218.322233632, 6.40963686932, 0.557026227623, 0.086904490688, 19.0956861373, 0.625332235449, 0.0327473038126, -2036.22133173, -7.32480340629, -17.9746676408, 1
5.34678981929, 0.0753308478087, 0.0140889861683, 0.062914710321, 3.14159265359, 56.1834558487, 4.64416739129, 0.0964963428804, 0.0207779640031, 0.703252065824, 0.0331216215079, 0.0470977948271, -783.087851177, 23.2219194706, 73.6314712756, 1
5.73121616977, 0.297752026528, 0.0519526777054, 0.00660378510827, 3.14159265359, 232.170003751, 0.731183086615, 0.0173270299384, 0.023697252105, 5.12754283154, 0.152576111799, 0.0297561847482, 1206.32420843, -131.716696148, 159.408985129, 1
13.3192570866, 0.858448591514, 0.0644516872025, 0.0365751215669, 3.14159265359, 350.812619576, 1.16826360692, 0.11283147683, 0.0965804944718, 12.122753608, 0.759374023207, 0.0626403907693, 1480.86911336, 3.67040050831, -225.288203929, 1
7.80803019896, 0.374372007962, 0.0479470491817, 0.02561603956, 3.14159263869, 314.981118296, 5.40735789693, 0.252762071963, 0.0467440988336, 2.40153657968, 0.13193964657, 0.0549396780739, 2077.16852479, 111.67212299, 86.0047353319, 1
20.2945821432, 0.725013896177, 0.0357245047502, 0.0672753362935, 3.14159265359, 173.171188862, 2.08686267744, 0.0530004804072, 0.0253972055661, 18.2129880374, 0.776140465471, 0.0426146694808, -1595.0316011, 47.0150282605, 13.9473462584, 1
