Mother Total Momentum (GeV/c), Mother Transverse Momentum (GeV/c), Mother Fraction of Transverse Momentum, Opening Angle (rad), Decay Angle (rad), Impact Parameter (cm), Daughter1 Total Momentum (GeV/c), Daughter1 Transverse Momentum (GeV/c), Daughter1 Fraction of Transverse Momentum, Daughter2 Total Momentum (GeV/c), Daughter2 Transverse Momentum (GeV/c), Daughter2 Fraction of Transverse Momentum, Decay Z (cm), Decay X (cm), Decay Y (cm), Event type
13.6226911822, 0.648875651666, 0.0476319724927, 0.0813461792542, 3.14159265359, 221.170590242, 12.2206272632, 0.679899622748, 0.0556354111868, 1.40482293849, 0.0437020553145, 0.0311085860838, -2106.60866432, -32.9357756749, 7.23030913602, 1
13.1993319748, 0.458330617392, 0.0347237737687, 0.0712645447683, 3.14159263869, 66.402761841, 5.44196340075, 0.0551735878225, 0.0101385444479, 7.49076494191, 0.474148347231, 0.0632977207145, -2307.60999589, -69.9479442756, -83.0692197082, 1
28.1431306604, 1.09548547534, 0.0389255015214, 0.105093687515, 3.14159265359, 192.027864788, 27.4886679588, 1.10045627145, 0.0400330882931, 0.663112071657, 0.0625073365018, 0.0942636081795, 257.100274476, 77.6639396568, 72.7184913114, 1
17.946398985, 0.0896470175414, 0.004995264934, 0.0305807835596, 3.14159263869, 86.6495254533, 4.17087765514, 0.110043022349, 0.0263836610537, 13.7175808898, 0.0836045683031, 0.00609470204512, -2475.46637747, -23.9343030429, 86.3938255835, 1
21.9817779359, 0.416496528306, 0.0189473540093, 0.0417070105974, 3.14159263252, 84.480899708, 4.59285987584, 0.237549677605, 0.0517215164465, 17.3477457043, 0.231129937002, 0.0133233413114, -2001.4321697, 5.26897557335, -21.5231926186, 1
22.9830695924, 0.932246149451, 0.0405622993788, 0.0496991360599, 3.14159263869, 261.531095515, 3.36121297929, 0.078071973051, 0.0232273210689, 19.5937187226, 0.926732781219, 0.0472974423253, -1394.88133797, 7.81880095465, 60.3836282291, 1
9.33916188826, 0.20766203347, 0.022235617709, 0.0613196184975, 3.14159265359, 239.021182866, 4.23924471625, 0.12484017207, 0.0294486825899, 4.395007939, 0.194710361807, 0.0443026189052, 998.731621514, -18.5461845561, -56.173140111, 1
3.09793738284, 0.168478627346, 0.0543841293498, 0.0781765163812, 3.14159265359, 388.890646215, 1.6600718382, 0.0324878634408, 0.0195701551543, 1.43670109279, 0.13928301153, 0.0969464088451, -988.912881189, -81.8623696323, 9.94599280594, 1
4.05123885812, 0.186253926523, 0.0459745606333, 0.0103422786133, 3.14159263252, 569.3581853, 1.83940278815, 0.0896899301172, 0.0487603534664, 2.21156163305, 0.0968330631757, 0.0437849263292, 1231.24213778, 178.810572209, -31.7923348765, 1
22.9639472108, 0.115821924469, 0.00504364181845, 0.155176353037, 3.14159263252, 34.4830995251, 2.1522539032, 0.293052335466, 0.136160670928, 20.9829006274, 0.391212654352, 0.0186443552919, -137.739174601, -46.0791385313, 52.7224506597, 1
4.93370298736, 0.365012471445, 0.0739834709102, 0.0773632209434, 3.14159265359, 390.755800901, 4.52665343204, 0.362697292356, 0.0801248202014, 0.409137689693, 0.0107556084539, 0.026288481176, -1280.38443147, 29.5555718337, 110.39727771, 1
4.87767660975, 0.0733162469952, 0.0150309774225, 0.0738476203252, 3.14159265359, 90.3221815453, 3.83347202943, 0.0662253238237, 0.0172755463755, 1.04662347402, 0.0680791429099, 0.0650464513739, -1871.2828657, 6.69240634756, -34.4400154095, 1
4.91664400417, 0.242880859525, 0.0493997245519, 0.0672324661942, 3.14159265359, 258.883196652, 0.56631715675, 0.0205811786472, 0.036342142211, 4.35107742063, 0.24300175036, 0.0558486385941, -287.436734805, -63.0962237667, 55.6191942516, 1
27.3382383437, 1.33811127515, 0.0489465070253, 0.108191887704, 3.14159265359, 118.057505871, 24.1969102035, 1.46873986545, 0.0606994799379, 3.18324833492, 0.1736210212, 0.0545420912642, -2441.90005212, -6.79808395417, 142.589074261, 1
8.02891371569, 0.533908065593, 0.0664981695531, 0.0651208546147, 3.14159263869, 353.576977399, 1.8057418002, 0.179064019385, 0.0991636896066, 6.23020729292, 0.38097439963, 0.0611495543756, -1730.20519318, -19.2524028533, -19.5653487889, 1
17.464969024, 0.815254765103, 0.0466794280586, 0.0374430810431, 3.14159265359, 270.495137401, 2.9078379142, 0.0998670918994, 0.0343441054303, 14.560379204, 0.740384725571, 0.0508492749534, -2148.77739567, -26.7299748972, -20.1934240366, 1
3.83033638974, 0.0929480257525, 0.0242662827217, 0.0762435374359, 3.14159263252, 85.7579163273, 0.677620330042, 0.0277136799166, 0.0408985366701, 3.15454402204, 0.11707097335, 0.0371118527851, -833.035000276, 87.0154639003, -16.9288188263, 1
14.4784160357, 0.753274454025, 0.052027407706, 0.0818853521901, 3.14159265359, 240.288316824, 0.705919692959, 0.0185312324541, 0.0262511906651, 13.7743379271, 0.770443311204, 0.0559332372476, -1837.1901864, 20.1074060168, -47.6684902061, 1
18.4254800591, 0.594082944283, 0.0322424676251, 0.0832241785937, 3.14159265359, 167.587012902, 4.82743684359, 0.25788262163, 0.0534201958484, 13.6099338961, 0.639233438024, 0.0469681515652, -2264.04411918, 33.3328925163, 23.3622019844, 1
10.7951688165, 0.571108022582, 0.0529040381201, 0.127089469837, 3.14159265359, 331.195866113, 4.58739296229, 0.13047830864, 0.0284428017641, 4.42089135679, 0.452348548929, 0.102320666224, -1398.60764066, 8.27286112986, 28.7028819134, 1
20.4500012222, 0.459588096155, 0.0224737441902, 0.025733141098, 3.14159263252, 79.6218063235, 16.2225543543, 0.369143807815, 0.0227549743247, 4.23043560945, 0.127846599827, 0.0302206703114, -2036.88186877, -65.7498429642, 14.1495594978, 1
10.7886947553, 0.0832178479637, 0.00771343057258, 0.0710369694072, 3.14159263869, 97.2169255911, 5.4907721688, 0.165934815469, 0.0302206703114, 3.68440578906, 0.153536353273, 0.041671944423, -2380.4050751, -72.4634085703, 6.80354113922, 1
4.18918928909, 0.155344907447, 0.0370823318611, 0.127370855682, 3.14159265359, 212.167777927, 1.10521075064, 0.124393435402, 0.112551778319, 3.0952659226, 0.108671837456, 0.0351090472268, 1314.30922164, -61.4386935282, 91.5809590096, 1
18.610826479, 1.26056137929, 0.0677326920818, 0.030503491918, 3.14159263869, 316.949736059, 16.3320188523, 1.04532325346, 0.0640045338494, 2.28483274077, 0.215579540879, 0.0943524385974, 2505.61278368, 135.753054713, -327.13461898, 1
7.29179912316, 0.336176904179, 0.0461034236545, 0.038893291235, 3.14159265359, 225.522744556, 2.48100815568, 0.0507148916148, 0.020441243411, 4.81139888052, 0.285309412281, 0.0592986404507, -1427.02605372, 97.685397188, -29.060798949, 1
15.5723872802, 0.310544063488, 0.0199419689416, 0.0302837055736, 3.14159265359, 83.6245247954, 3.85064009116, 0.0135192415682, 0.0035109076019, 11.7277761485, 0.321003685732, 0.0273712323348, -2416.60981059, -33.9148813812, 48.1406245409, 1
61.002114229, 0.224704983892, 0.00368356059019, 0.0713206588673, 3.14159265359, 16.0365974802, 2.35602799956, 0.156578723722, 0.0664587703335, 49.8585644169, 0.266702434622, 0.00534917998024, 2417.78983076, 18.417039695, -11.9259158402, 1
53.8829992007, 1.01781682156, 0.0188893869432, 0.0419965546501, 3.14159265359, 101.060892997, 51.3238060146, 0.885694705986, 0.0172569958224, 2.47576876337, 0.141829237944, 0.0572869486205, -2165.39088582, 32.6887407184, -32.9496807924, 1
3.64763522752, 0.235494307251, 0.0645608161348, 0.0796535521809, 3.14159265359, 335.898490611, 1.53766716888, 0.0521786564503, 0.0339336480003, 2.11084819802, 0.200454698928, 0.0949640524203, -1697.02689071, 73.1917419058, -17.3404338955, 1
12.4259074054, 0.203103833475, 0.0163451912885, 0.0533348394832, 3.14159263869, 72.9086230542, 10.3311880113, 0.190063274842, 0.0183970395887, 2.08112617997, 0.0975913380014, 0.0468935228151, -1338.1543561, -10.9055245905, 52.5830275021, 1
5.94751264526, 0.636205907809, 0.106970080731, 0.479837185479, 3.14159265359, 802.623544939, 0.95145076522, 0.429277699384, 0.451182252489, 5.05237190639, 0.261319158728, 0.0517220750115, 2464.91203921, 148.067592262, 198.182716477, 1
10.36811637, 0.0939217990926, 0.00905871382426, 0.114136727825, 3.14159265359, 82.1001463591, 3.38984623352, 0.234494020329, 0.0691754151001, 6.96532344532, 0.315004856015, 0.0452247276796, -2354.57130931, 1.60340852958, 39.0782131962, 1
16.8968602995, 0.176219150734, 0.0104291062132, 0.0460342631997, 3.14159265359, 90.5243260507, 5.60361135874, 0.125563168692, 0.0224075441092, 11.3092468061, 0.280663449396, 0.024817165476, -2460.17095632, -40.4920195912, 10.5468753303, 1
6.03987518873, 0.105616017241, 0.0174864569119, 0.0795517801481, 3.14159265359, 67.5790511873, 4.77892456813, 0.141658838884, 0.029642409472, 1.26325914597, 0.0704974202448, 0.055805984441, -2364.1667687, -10.8017325785, 14.9780469146, 1
14.6978500509, 0.461231721522, 0.0313808972009, 0.134936496223, 3.14159265359, 303.401584106, 13.7644606181, 0.501733013057, 0.0364513384852, 0.94173439105, 0.107257439976, 0.113893514982, -575.308010006, 120.922271056, -7.81052869453, 1
14.4462970107, 0.249961840616, 0.0173028313367, 0.0515818193405, 3.14159263252, 149.351768588, 1.03772961702, 0.0623692732878, 0.0601016606491, 13.4034834899, 0.216422620425, 0.016146744284, -976.523979448, 36.9485494462, -19.30162127, 1
10.1835959144, 0.163545222541, 0.0160596732152, 0.154507496286, 3.14159265359, 25.6874935587, 9.71410308392, 0.149629895771, 0.015403367092, 0.472440620733, 0.0726858496318, 0.153851820614, 898.903798488, 61.0377068195, -88.0392553662, 1
45.1855711381, 2.7427836448, 0.0607004310385, 0.0626480066863, 3.14159265359, 286.290144937, 6.78108321189, 0.285924778174, 0.0421650596578, 37.7244199169, 2.5556584567, 0.0677454673216, -1922.33487943, -9.52943203908, 36.2065775489, 1
2.34627102732, 0.0844345159066, 0.0359866847963, 0.135871130114, 3.14159265359, 441.41953761, 1.31161375391, 0.107915257484, 0.0822767046795, 1.04014911642, 0.0709630297576, 0.0682239004365, -215.76145785, -148.462211518, -133.555972452, 1
3.24007092264, 0.267801087202, 0.0826528472975, 0.0721735015822, 3.14159263869, 411.583474639, 2.59157435583, 0.21942597224, 0.0846689857638, 0.649808446121, 0.063811194724, 0.0982000081792, -2265.07558438, 14.4963896726, -5.10114967569, 1
22.3845519235, 1.25099821747, 0.0558866767469, 0.141720605394, 3.14159265359, 253.0176509, 21.633127218, 1.30405709241, 0.0602805631969, 0.761098209343, 0.0696073664194, 0.0914564842814, 1150.76992637, -10.6934001738, 216.173962899, 1
8.68027705664, 0.155914327855, 0.0179619068421, 0.10244811843, 3.14159265359, 268.898200733, 2.64259036255, 0.140681316074, 0.053236142108, 3.94515824041, 0.197794115273, 0.0501359142574, 1842.68590502, -99.3379160984, 50.0649674157, 1
2.5485238068, 0.106724092949, 0.0418768279365, 0.0650278618557, 3.14159265359, 482.334925578, 1.46292803263, 0.0596433735952, 0.0407698617191, 1.08682438789, 0.0712225252444, 0.0655326895845, 1122.75918489, 99.978257086, -111.27215909, 1
22.2212661251, 0.247681746532, 0.0111461581504, 0.0393077346775, 3.14159265359, 50.0313102882, 3.52185045926, 0.0783538779425, 0.0222479287093, 18.7291580624, 0.325609376279, 0.017385158222, -2077.65726776, -70.9952099208, -39.2981345554, 1
5.33747469356, 0.144302176957, 0.0270356648493, 0.0305043655895, 3.14159263252, 334.094332167, 1.70836747546, 0.052526784378, 0.0307467714835, 1.12039887826, 0.0315614076583, 0.0281697958384, 789.691742951, 122.023070879, -37.6102619751, 1
22.7780916585, 1.30912886526, 0.0574731581944, 0.0322718994991, 3.14159265359, 276.757525984, 5.5205583816, 0.230496712904, 0.0417524273762, 17.2381741403, 1.09773207997, 0.063680298797, -2061.06677961, 46.7294874496, -39.8907357391, 1
9.06222027951, 0.259778591457, 0.0286661086847, 0.0173508591077, 3.14159265359, 420.286495787, 6.02731260827, 0.152851114232, 0.0253597455725, 2.86329300258, 0.122238245057, 0.0426914901642, 2285.92940272, -144.095933177, -32.0042015097, 1
5.45539541465, 0.0933177112589, 0.0171055815694, 0.0677154640678, 3.14159265359, 271.992913972, 1.72929316337, 0.085028315578, 0.0491694048059, 4.02021166268, 0.111034470431, 0.0276190608224, -2300.0002387, -6.10646302405, 217.253773067, 1
6.13252305564, 0.348166051287, 0.0567737044163, 0.0251578223536, 3.14159265359, 195.920367362, 5.4435832389, 0.317911628297, 0.0584011696607, 0.689177273987, 0.0331475341929, 0.0480972537024, -2066.26138612, 43.5079098647, 121.333435056, 1
36.698997389, 0.774349759441, 0.0211000249198, 0.0464680741352, 3.14159263252, 90.6358093952, 33.8437128447, 0.850456052835, 0.0251289229624, 2.88970415549, 0.065187184258, 0.0225584283893, -2004.12446276, -19.1356836605, -4.25829757727, 1
1.81183211672, 0.0813357310506, 0.0448914280192, 0.110234441404, 3.14159265359, 320.202069886, 0.524291318841, 0.0204544351377, 0.0390134919321, 1.28594759394, 0.0960958612466, 0.074727665186, -1245.33567464, 101.82484202, -42.3825589752, 1
15.1164124577, 0.730238166122, 0.0483076370247, 0.0747199556784, 3.14159265359, 149.84516679, 2.72206824682, 0.0457531959705, 0.0168082471936, 10.5498485739, 0.619592974994, 0.0587300349054, -2065.00983061, -55.0703106644, -85.8500290474, 1
17.0688798384, 0.410348114046, 0.0240407172545, 0.0212295495636, 3.14159265359, 287.043921284, 15.0742716511, 0.391161848094, 0.0259489716748, 1.99938063475, 0.0193643858293, 0.0096851922504, 1509.37716401, -77.6534457204, -40.9276597244, 1
3.14953035559, 0.290915735473, 0.0923679731986, 0.172793090862, 3.14159265359, 675.502900437, 0.673895955856, 0.047302019205, 0.0701918727868, 2.48356696153, 0.312223493621, 0.125715754178, 2495.85694322, 114.616127412, 200.587400064, 1
9.34492876676, 0.287700518315, 0.0307868069941, 0.0846635014148, 3.14159265359, 156.84042237, 6.73312366925, 0.35429050908, 0.0526190408025, 2.61593005673, 0.099042620505, 0.0378613412274, 1564.41299224, -115.659303022, 16.1363810346, 1
9.02032745155, 0.11737017343, 0.0130117419861, 0.0149619133014, 3.14159265359, 44.1313018648, 3.16151154317, 0.0111078587397, 0.00351346455266, 5.86023355656, 0.106068199701, 0.0180996539945, 694.767320121, -51.0713584998, -101.988496027, 1
9.04936183651, 0.320593320356, 0.0354271744404, 0.0755389563675, 3.14159265359, 195.502200824, 8.5679750652, 0.273062797469, 0.0318701671505, 0.482699919805, 0.0502088893569, 0.104016775841, -428.57856915, -18.4567921904, -46.3412021947, 1
8.44156905775, 0.0697619967134, 0.0082641030638, 0.0489014542603, 3.14159263869, 64.2180401297, 4.21793084608, 0.103517643626, 0.0245422808964, 4.22605527619, 0.114138646792, 0.0270083184748, -1627.05384358, 32.2548779026, 15.7008002248, 1
2.2582907108, 0.0919176074079, 0.040702291768, 0.0486404152948, 3.14159263869, 256.259148566, 0.294880626934, 0.0158897200651, 0.0538852627597, 1.96302221541, 0.0858686629543, 0.0437430928088, -1406.45333933, 2.342486335, 19.1619486673, 1
12.3609028796, 0.434404798297, 0.0351434521028, 0.0466197428334, 3.14159265359, 290.781413882, 11.5428422717, 0.420754433777, 0.036451544938, 0.841970308338, 0.0273263383288, 0.032455228003, -866.598423404, 83.1215952194, 7.32785869778, 1
2.71920732059, 0.213566159984, 0.0785398591592, 0.067242861782, 3.14159265359, 673.614467616, 1.93606940271, 0.186589728454, 0.0963755370511, 0.781120768436, 0.0314442573691, 0.0402553083207, -384.52777184, 139.669932048, -62.1630300793, 1
18.9056716369, 0.755210931863, 0.0399462630246, 0.0664691527414, 3.14159265359, 238.527619215, 7.3137102033, 0.15084123944, 0.0206244485011, 11.6362575219, 0.739583778488, 0.063558560568, -2361.93258744, 23.7974383637, 42.8358739072, 1
3.06755717255, 0.117081778695, 0.0381677576355, 0.0287831089322, 3.14159265359, 385.383295333, 1.14069701681, 0.0403020450517, 0.0353310690375, 1.91927935037, 0.0774197152139, 0.0403379087047, -334.233860343, 51.6922359477, -111.239463698, 1
3.3645354146, 0.118636737078, 0.0352609565538, 0.147084029881, 3.14159263252, 181.237686589, 1.56283806187, 0.177539711273, 0.113600836583, 1.81067150478, 0.0615126046844, 0.0339722608556, 1714.73367879, 58.613426783, -127.154418083, 1
11.0970973718, 0.0474185042694, 0.00427305471697, 0.067962121716, 3.14159265359, 43.4362799532, 8.72994841635, 0.14322959956, 0.0164066948313, 2.38125853172, 0.123853420655, 0.0520117488317, -2014.78854316, -48.1270001952, -36.4602390326, 1
26.0754125406, 0.728223289413, 0.0279275845887, 0.0609838005756, 3.14159263869, 121.546258012, 21.1676421951, 0.826008342105, 0.0390222177081, 4.92362894854, 0.119868826641, 0.0243456255323, -2350.56267516, 0.978691886759, -15.2801729564, 1
10.5870019151, 0.243238970104, 0.0229752456885, 0.0750122886482, 3.14159265359, 290.461357547, 1.77321870756, 0.0744173106335, 0.0419673615648, 6.5273286418, 0.221504958289, 0.0339350093192, 955.00848929, 73.1666433498, 77.5578842788, 1
5.49574704405, 0.21858316078, 0.0397731480412, 0.0913881481873, 3.14159265359, 144.284242026, 4.99149445324, 0.234035479001, 0.0468868554685, 0.505596754911, 0.025591654583, 0.0506167302983, -1417.07197144, 25.61792072, 102.334081043, 1
2.75059535587, 0.0343896887443, 0.0125026346282, 0.0343279783478, 3.14159265359, 65.8838733024, 0.998865038889, 0.0153838309035, 0.0154013107923, 1.75256344799, 0.0427449622305, 0.0243899656126, -577.049122068, -12.4834783605, -22.3939001247, 1
9.76813087705, 0.315945036945, 0.0323444721331, 0.0777121714742, 3.14159265359, 109.946571291, 6.99997182161, 0.380168767135, 0.0543100425006, 2.78082411811, 0.0649969478257, 0.0233732681626, -2171.3497605, 39.5480025, -46.7249403348, 1
6.93304772773, 0.142413781211, 0.020541295373, 0.00563723452719, 3.14159265359, 111.715694252, 3.22215747703, 0.0604762284456, 0.0187688618191, 3.71332205375, 0.0824200259733, 0.0221957656191, -1747.55093997, 22.9188548912, 5.66257918852, 1
4.08946508884, 0.168351885911, 0.0411672143554, 0.126602744268, 3.14159263252, 196.64508666, 1.68649428228, 0.0778525103305, 0.0461623328038, 2.41071531707, 0.215192498323, 0.0892649981518, 1083.6953976, -30.2016923285, 144.736149256, 1
7.3213693644, 0.209703496181, 0.0286426603745, 0.159600911313, 3.14159265359, 118.050224685, 6.84984338853, 0.257553780458, 0.0375999516849, 0.484038322367, 0.0593602723599, 0.12263548074, 986.860218871, 40.7153064878, 113.397492743, 1
14.9523287504, 0.318405342448, 0.0212946991578, 0.0858489618162, 3.14159265359, 82.1511881686, 10.0793441293, 0.489200808925, 0.0485349842855, 4.81843122227, 0.187144351414, 0.0388392700406, -1409.7232104, -13.1791943707, 120.058310892, 1
6.74529133851, 0.101367774198, 0.0150279312058, 0.174453592931, 3.14159265359, 105.713691057, 6.23019808193, 0.170443266058, 0.0273575998414, 0.542413220718, 0.079608310593, 0.146766906764, 1305.96467002, -116.049552958, -36.7428271794, 1
6.67531003186, 0.170284590109, 0.0255096151784, 0.03867285434, 3.14159265359, 145.396881461, 5.01850520234, 0.155715173858, 0.0310281981546, 1.6657086804, 0.0527580995065, 0.0316730651208, -596.535891466, -25.841415366, 36.2359933503, 1
19.364764974, 0.440568658856, 0.022751046008, 0.108135763414, 3.14159265359, 251.057783503, 13.7613059022, 0.448851320214, 0.0326169132061, 4.15257251635, 0.314025983562, 0.0756220348531, 1830.20234798, 17.8436356842, 46.4175430545, 1
10.9813756894, 0.388172318608, 0.0353482413849, 0.132787595011, 3.14159265359, 288.094089131, 0.346167158451, 0.0441941054222, 0.127666950325, 10.6389452973, 0.376812128687, 0.0354181846188, -1379.19466994, 71.7820891609, 93.5410800869, 1
3.35900480717, 0.294252731212, 0.0876011640662, 0.102673560916, 3.14159263869, 438.791343541, 2.99820442673, 0.208175594703, 0.0694334225003, 0.307487842184, 0.0169105087118, 0.0549956986649, 2417.61935658, -151.630957761, -378.910110016, 1
1.45898558882, 0.140373418337, 0.096213025963, 0.291165674181, 3.14159265359, 923.33065632, 0.458124967249, 0.12294744989, 0.268370987568, 1.03682823634, 0.0754664653456, 0.0727858894081, 2384.58553829, 111.742042778, -54.4947507793, 1
69.2299050386, 0.433121798322, 0.00625628184931, 0.0531251763965, 3.14159265359, 72.2692915753, 43.5980736019, 0.823840720281, 0.0188962642662, 3.55647502507, 0.202523786842, 0.0569450890036, -2260.94538367, -21.5395774613, 56.8888661525, 1
27.2147304953, 0.914590090774, 0.0336064357107, 0.0498153455467, 3.14159265359, 183.261803156, 25.5204536042, 0.783918398972, 0.0307172596197, 1.72904328977, 0.133369550357, 0.0771348821318, 80.3937278378, 29.3695280859, 109.565412818, 1
11.1261623099, 0.268397269158, 0.0241230769138, 0.0888847902467, 3.14159265359, 178.145375835, 1.62401238317, 0.110978192696, 0.0683358044841, 9.51068042496, 0.304584272642, 0.0320254975494, -2378.41342192, 59.9320373242, 12.2238184357, 1
15.9439021833, 0.205974308958, 0.0129186886992, 0.0502702544291, 3.14159265359, 112.913359043, 9.51068007562, 0.304584261455, 0.0320254975494, 6.42241432455, 0.127712333346, 0.0198854086474, -2267.46875463, 55.4570110096, 15.225154189, 1
10.0700054475, 0.528579601322, 0.0524904980517, 0.0669460072807, 3.14159265359, 241.61050158, 6.11056804266, 0.371299613715, 0.0607635184033, 3.96640439515, 0.25168188334, 0.0634534097551, -2358.99296562, 15.0533398568, 15.7457080659, 1
11.8523372655, 0.394574611248, 0.0332908693374, 0.0481251029649, 3.14159265359, 136.105726761, 10.6157773008, 0.371862002941, 0.0350291827349, 1.24280115465, 0.063360865776, 0.0509823035962, -2330.44377578, -52.0767599553, 7.65669848959, 1
5.99903848544, 0.0590200975243, 0.00983825952567, 0.131932305217, 3.14159265359, 41.3047175252, 0.557550981167, 0.0619240903274, 0.111064445081, 5.44590237451, 0.11607544799, 0.0213142726417, -2459.82810639, 55.996454815, 63.8417470651, 1
28.6793094055, 1.2261979258, 0.042755489976, 0.0619130466329, 3.14159263869, 142.051828914, 25.3691134883, 1.12802766598, 0.0444646071884, 3.30899530267, 0.211096411335, 0.0637947147173, -2402.3075938, 30.3394329894, -68.6622893293, 1
3.33374686993, 0.451062429004, 0.13530194301, 0.164784401657, 3.14159263252, 1276.08025688, 1.0177917947, 0.207268504815, 0.203645289631, 2.32467221099, 0.296802433573, 0.12767496087, 972.959795382, 186.069147925, -90.5373914597, 1
28.0980691635, 0.944056020834, 0.0335986083364, 0.077291338659, 3.14159265359, 207.37059471, 1.37253525644, 0.058678673992, 0.042752034031, 25.415247121, 0.914162586705, 0.0359690614989, -1078.11480832, -70.4646766479, 5.15350705827, 1
3.01501451396, 0.100226225496, 0.0332423691601, 0.0878924859744, 3.14159265359, 285.354531079, 1.5990711, 0.11678917746, 0.0730356376645, 1.41715698926, 0.0290076706152, 0.0204689182885, -927.008581496, 62.4711692887, 132.089781924, 1
56.0443246911, 0.255127545243, 0.00455224586342, 0.0293202397214, 3.14159265359, 29.4787980394, 2.88088853449, 0.0697954321634, 0.0242270505533, 53.2758070263, 0.310652189687, 0.00583101799911, -2194.6106511, 10.5006541768, 14.5621123676, 1
12.1727505903, 0.429646541326, 0.0352957647606, 0.0434472982283, 3.14159265359, 251.797283887, 0.795819101849, 0.00620373413503, 0.00779540742439, 8.17887221244, 0.300272569179, 0.0367131997395, -1634.56339335, -50.4506410228, 22.8804868847, 1
6.6057443746, 0.272099876003, 0.0411914025995, 0.0896677086618, 3.14159265359, 273.085420244, 3.12632425766, 0.171696993655, 0.0549197650353, 3.46426459126, 0.227604440956, 0.0657006515985, 963.12381465, -142.263815336, -178.565161238, 1
9.96042870515, 0.152745329768, 0.0153352164139, 0.0463346862717, 3.14159263252, 88.5404824863, 2.70648786537, 0.083289256003, 0.030773925525, 5.46972669167, 0.144347223124, 0.0263902076394, -2450.87248816, -3.40951629775, 15.1918579615, 1
13.976120002, 0.327159838929, 0.0234084881127, 0.0512601385286, 3.14159263869, 114.77252683, 5.31491285726, 0.212160313132, 0.0399179288222, 8.68287024235, 0.264518758397, 0.0304644375667, -2464.59628319, 33.3148957181, 23.7699286089, 1
10.0241224459, 0.280698263497, 0.0280022780062, 0.0314533755291, 3.14159265359, 131.979651938, 8.24918971513, 0.247796347131, 0.0300388711726, 1.77030584126, 0.0524386364144, 0.0296212299549, -732.073316639, 59.5881550613, -0.163498391867, 1
38.3870940954, 1.38049923721, 0.0359625876805, 0.0208038343501, 3.14159265359, 164.336409989, 1.77030412147, 0.052438585472, 0.0296212299549, 36.5658086813, 1.33790866125, 0.0365890625558, -67.8777856569, 84.7663132961, -52.2824998313, 1
7.64083918624, 0.370067717977, 0.0484328630609, 0.0690010580307, 3.14159265359, 310.646570229, 3.7692557463, 0.290395889807, 0.0770432969669, 3.18122704605, 0.0533231573964, 0.016761820714, -1813.84843911, 4.94041565934, 51.2444780561, 1
14.5981402362, 0.98221141777, 0.0672833252646, 0.0505832847516, 3.14159263869, 359.647540744, 1.30628597591, 0.137690534645, 0.10540611871, 13.2764853462, 0.842255145965, 0.0634396170373, 655.68426568, -77.2913823714, 155.583242988, 1
7.76890539023, 0.522532606888, 0.0672594890325, 0.0616675383388, 3.14159265359, 366.021161746, 4.84267926744, 0.215683986185, 0.0445381521827, 2.92463525664, 0.307489856136, 0.105137847681, -1925.22003946, 57.7358564019, -25.521808438, 1
3.06296260607, 0.0520036289383, 0.0169782121516, 0.0685215771379, 3.14159263869, 99.573167114, 2.03138154475, 0.0698012761477, 0.034361479914, 1.03311783029, 0.0423808343199, 0.0410222658804, -2077.76050568, -12.1763641505, 0.434172705224, 1
8.86388270186, 0.487745375751, 0.0550261541309, 0.146639948671, 3.14159265359, 291.633381836, 6.34976155697, 0.581944556536, 0.0916482534524, 2.47207613809, 0.167635736929, 0.067811720823, -2267.66119988, -10.3183835331, -22.5315050116, 1
13.8488151337, 0.770934379334, 0.0556678944653, 0.0916843953712, 3.14159265359, 437.763594147, 0.613096273738, 0.0509461761033, 0.0830965352191, 7.66286046036, 0.310685699679, 0.040544350414, -343.688003269, 53.0261891945, 13.2045062209, 1
7.22111049553, 0.201744624788, 0.027938171686, 0.00639338652405, 3.14159265359, 109.966099466, 2.65861330935, 0.0852218172032, 0.0320549878027, 4.56200034156, 0.11724883353, 0.0257011891169, 255.031702297, 67.4483473922, -97.1611875667, 1
4.26133274508, 0.0857507082269, 0.0201229787385, 0.0721686544301, 3.14159265359, 97.3176877561, 2.10325038765, 0.0711304391641, 0.0338192920738, 2.16361187427, 0.102686477584, 0.0474606738878, -1418.74157893, 85.3631351926, -82.2441620042, 1
45.6299121882, 2.18917180102, 0.0479766823129, 0.0200283311393, 3.14159265359, 203.451326901, 10.242534886, 0.467084864451, 0.045602467519, 35.3376064143, 1.75010023159, 0.0495251492439, -2417.1815641, -9.28673810522, 26.8308323917, 1
10.3684112223, 0.259067723856, 0.0249862508634, 0.125497345458, 3.14159265359, 180.301391985, 5.25746367879, 0.140363575256, 0.0266979638532, 5.11983470566, 0.520005480765, 0.101566849451, 241.850911265, 4.21868024881, -16.1453594197, 1
5.30087131214, 0.382185892693, 0.0720986928729, 0.0695823674386, 3.14159265359, 494.990744866, 3.57773242787, 0.221129703805, 0.0618072223856, 1.72728489827, 0.198915592412, 0.115160847299, -900.194421873, -110.201922104, -50.478658651, 1
6.30067886474, 0.188455853479, 0.0299104045015, 0.0768236340595, 3.14159265359, 149.01177434, 0.48397964285, 0.0209585977846, 0.0433047093906, 5.81800613367, 0.205233675093, 0.0352756030809, -1802.83564564, -34.1987547411, -113.885872869, 1
16.1471671932, 0.685045549415, 0.0424251226991, 0.0682254850572, 3.14159265359, 329.60445516, 4.32910363717, 0.392740242077, 0.090720914765, 11.9702678955, 0.366640790709, 0.0306292886599, 420.278915429, -3.05771097897, 5.31177672426, 1
7.73480858184, 0.512293464559, 0.0662322097746, 0.0781291740033, 3.14159265359, 414.154554874, 7.1340478522, 0.445924053602, 0.0625064567606, 0.606452957286, 0.0746409826152, 0.123077943175, -93.3362770095, 53.7228565243, -62.4208921221, 1
32.4579345457, 0.823859234069, 0.0253823678432, 0.0733324265949, 3.14159263869, 107.127070005, 5.52808036674, 0.493923903825, 0.089348177135, 11.8256739169, 0.291681930063, 0.0246651423092, -2419.0663581, -27.5191582257, -21.3282102764, 1
8.39192794871, 0.270391749346, 0.0322204564908, 0.0286188298545, 3.14159263869, 140.984014758, 1.83865850571, 0.07294024438, 0.0396703597505, 6.55412114844, 0.213839602508, 0.0326267393698, -898.177272838, -67.6340812773, -8.7757466452, 1
20.3557366759, 0.987566220642, 0.0485153761008, 0.093337394456, 3.14159265359, 323.754779646, 14.5643962042, 0.768339460767, 0.0527546387776, 5.84508257937, 0.237047018817, 0.040554947787, 72.8339363487, 7.15779132943, -82.7817202305, 1
17.1387998571, 0.333395124313, 0.019452652875, 0.0365491998679, 3.14159265359, 68.6766778844, 2.36239973228, 0.0770364558242, 0.032609407617, 14.8121191562, 0.333686297281, 0.0225279241789, -1297.64249084, -0.814975361656, -57.3720463402, 1
9.60303522148, 0.694460750876, 0.0723167972271, 0.0379302749371, 3.14159265359, 679.676272743, 6.48901029899, 0.480439502247, 0.0740389489475, 3.13892714549, 0.22287792677, 0.0710044918023, 2074.42252024, 103.650679507, -280.069676029, 1
3.4313525261, 0.275698182522, 0.0803467963217, 0.0800067454806, 3.14159263252, 466.043803587, 2.82468629278, 0.264504488315, 0.0936403058247, 0.608674313582, 0.0180422759737, 0.0296419210916, -1357.16784806, 2.16177518342, -5.93757088408, 1
23.1472060009, 0.782481177776, 0.0338045627513, 0.0239491405003, 3.14159265359, 390.664345868, 7.46041944641, 0.200900856677, 0.0269288956366, 13.6486174392, 0.509472696412, 0.0373277878644, 1379.28461702, -106.449281361, -33.9736644284, 1
9.12718795778, 0.0632434431572, 0.00692912685152, 0.0653872167413, 3.14159263252, 31.6104016679, 3.36389792219, 0.1277694131, 0.0379825476442, 5.76952638214, 0.164427994621, 0.0284993921043, -2360.67350659, 6.72088423855, 20.340930573, 1
8.1056308405, 0.265301388054, 0.032730504667, 0.0262747552889, 3.14159265359, 169.733335618, 3.74508020149, 0.0826696983301, 0.0220742130695, 4.36114218307, 0.189713127096, 0.0435007892733, 978.897956602, -95.7622563216, 73.2847639197, 1
4.89918444246, 0.199263577015, 0.0406728057201, 0.0909513528944, 3.14159265359, 265.080773137, 2.89476477807, 0.0960625548552, 0.033184925968, 2.00916683852, 0.171982534253, 0.0855989313358, -2260.57728129, -14.5785723084, 68.837388467, 1
9.08875664731, 0.390396215422, 0.042953753805, 0.167726641209, 3.14159263869, 202.322052226, 1.76070496201, 0.162776643863, 0.0924496990553, 7.35775437197, 0.552725435321, 0.0751214850861, -2161.76201328, 13.5687481053, 18.7366566605, 1
3.07591978771, 0.17078218243, 0.0555223133946, 0.0587099050736, 3.14159265359, 277.171227571, 1.42465261384, 0.122119089778, 0.0857185032977, 1.65404541619, 0.0526394658701, 0.0318246798757, -1258.04206226, -22.3073403195, -49.92223918, 1
7.87143010974, 0.324519834941, 0.0412275571804, 0.0776455668905, 3.14159263869, 173.08803571, 6.66728620153, 0.338985414767, 0.0508430873553, 1.20499472976, 0.0532389507297, 0.0441818950861, -1992.26430302, -1.57147451988, -43.2770573117, 1
9.03252212528, 0.433861150096, 0.0480332230664, 0.128049989898, 3.14159265359, 236.174332516, 1.10413970436, 0.0880580900433, 0.0797526705142, 7.93499780961, 0.486643112497, 0.061328701554, -1700.96145135, 13.5935813211, -26.0295997082, 1
6.480675111, 0.477568677079, 0.0736911924913, 0.0718680937409, 3.14159265359, 607.534843881, 1.68639196794, 0.192019498028, 0.11386409665, 4.7960579539, 0.285563142299, 0.0595412201112, -101.347908237, 130.892418442, 81.8634278287, 1
14.1132621848, 0.588689446556, 0.0417117912817, 0.0350073251925, 3.14159265359, 186.722436356, 11.7069534213, 0.490825692209, 0.0419259968452, 2.41089171032, 0.125706677338, 0.0521411545777, 1336.9055179, 124.53996871, 118.32293404, 1
8.300542439, 0.379929884441, 0.0457716935048, 0.0945167508247, 3.14159265359, 315.35174472, 4.15957408261, 0.271267055738, 0.0652151038425, 3.36670408791, 0.165332913754, 0.0491082404146, -1901.38619626, 64.3558370701, 92.5967711927, 1
2.96375832148, 0.284461774866, 0.095980084747, 0.0221422321312, 3.14159263252, 907.20620585, 1.62836001019, 0.170567342321, 0.104747931203, 1.33665977968, 0.114508090732, 0.0856673421858, 1458.62632123, 130.517221989, 49.4111195392, 1
11.2650276218, 0.49434571888, 0.0438832229689, 0.075091273645, 3.14159265359, 209.224046864, 2.7888192693, 0.10734823446, 0.0384923597027, 7.69435447327, 0.353488651944, 0.0459413006214, -2081.86727251, 49.3099606184, -75.1915974429, 1
3.20492570042, 0.429282479327, 0.133944596367, 0.192232295893, 3.14159265359, 1165.85575577, 0.744054485316, 0.086337581794, 0.116036639114, 3.28077894719, 0.391281358185, 0.119264773544, 1666.57295569, 23.0730916078, -201.8307039, 1
4.77039161183, 0.223173056455, 0.0467829634577, 0.0688709822336, 3.14159265359, 244.989512768, 3.04181915534, 0.127056040734, 0.0417697549543, 1.7311953541, 0.13384995458, 0.0773164936373, 1087.72817401, 27.124904138, -159.069991204, 1
37.0788151065, 0.433318500447, 0.0116864171415, 0.0845085338191, 3.14159265359, 140.341086019, 36.0099655476, 0.449788770466, 0.0124906748348, 0.493280588431, 0.0438455786604, 0.0888856762029, -1618.72601983, -73.5851753795, 27.4198749302, 1
7.23271261928, 0.274243012306, 0.0379170342778, 0.141768536533, 3.14159265359, 237.709912823, 1.27099299928, 0.0986937666748, 0.0776509128932, 2.8884964402, 0.200970933988, 0.0695763135419, -1224.00310257, -13.7278686041, 3.55571718853, 1
5.92144504677, 0.0817901343323, 0.0138125294901, 0.117102097736, 3.14159265359, 38.0692702082, 5.21959162681, 0.0627292795126, 0.0120180435555, 0.739029164683, 0.0842976941641, 0.114065449907, 1233.62840129, -18.5262869045, 78.3823080299, 1
18.0638162927, 0.251526634668, 0.0139243352896, 0.0610464789214, 3.14159263252, 25.2534266174, 11.3347456854, 0.133272550035, 0.0117578773916, 6.70494593619, 0.343800324572, 0.0512756296388, -2240.12478067, 5.7330285631, 44.3885528974, 1
43.8985380512, 0.666138359392, 0.0151744998573, 0.036344624011, 3.14159265359, 89.2340088097, 5.08783935145, 0.238840727895, 0.0469434491534, 38.8281256103, 0.432739818268, 0.0111450092289, -2034.4279414, 17.5031567004, 8.29065070742, 1
14.9816528753, 0.54529045264, 0.036397215793, 0.0815223318769, 3.14159265359, 234.219807848, 1.97103276172, 0.127335240032, 0.0646033097496, 12.9882786773, 0.554298802769, 0.0426768486065, -2123.48987959, 8.90531062131, 57.1241496888, 1
3.21660235091, 0.104743491154, 0.0325633944538, 0.117093338777, 3.14159265359, 140.586912439, 2.63568695064, 0.170608449612, 0.0647301643962, 1.60693067072, 0.180877070219, 0.11256059363, -471.768812402, -79.0878095829, -10.1306739636, 1
18.4119642813, 1.22714474968, 0.0666493118788, 0.079933283094, 3.14159265359, 438.455171708, 9.99884117057, 0.553572379575, 0.0553636536606, 8.45212895291, 0.259577564058, 0.0307115006769, -1631.66992492, 2.24412624505, -118.393855162, 1
32.0748695306, 1.00360080857, 0.0312893184994, 0.0810471562822, 3.14159265359, 152.506926613, 28.6115034748, 0.810946225264, 0.0283433628708, 3.50779874539, 0.315766473074, 0.0900184121135, -2239.58547746, 1.54693736749, -3.29478973652, 1
55.6636454483, 1.64458032548, 0.0295449626455, 0.0175420856407, 3.14159265359, 140.503384886, 46.200014466, 1.28878013196, 0.0278956651174, 9.69331368922, 0.386516327809, 0.0398745300319, -2273.08098517, -0.541546338768, 45.8698770926, 1
15.5074082301, 0.392261538882, 0.0252951062526, 0.0433711525263, 3.14159265359, 190.003002536, 11.5880084215, 0.416821376627, 0.0359700615901, 3.92204009983, 0.041295224636, 0.0105290164264, -1859.88085132, -26.5124324543, 93.9019469784, 1
11.5841187992, 0.104948249644, 0.00905966620879, 0.0485155618368, 3.14159265359, 50.0381377522, 9.92976459909, 0.0414523975879, 0.00417455994795, 1.67694008561, 0.0845567272325, 0.0504232249907, -1597.549217, 0.24088496988, -13.436912175, 1
9.88429750356, 0.306347414561, 0.0309933421622, 0.0583092756522, 3.14159265359, 241.970005226, 0.599859321259, 0.0150341982757, 0.025062873482, 9.28768608885, 0.311379711467, 0.0335260804993, 758.610994324, 20.8927588808, 34.2991686835, 1
4.0640229795, 0.155986328413, 0.0383822456713, 0.0390992849041, 3.14159265359, 244.581564764, 1.83617012755, 0.104704949469, 0.0570235556596, 2.22757329862, 0.0588545486796, 0.0264209257294, -587.968288645, 49.8177293213, 4.20629490343, 1
8.51499824292, 0.340139684918, 0.0399459489261, 0.0372798193222, 3.14159265359, 117.269875377, 0.803856556329, 0.0361347322232, 0.0449517167443, 7.71237648107, 0.180399731297, 0.0233909394517, -637.23316556, 58.6577893569, 136.54797758, 1
23.0221817993, 0.493050115387, 0.021416307094, 0.0380690738036, 3.14159265359, 108.607409018, 21.8626727012, 0.447058452779, 0.0204484812487, 1.24811544587, 0.0691595207359, 0.0554111568481, 675.431067317, -42.9063121125, 44.3638260282, 1
40.2811807236, 1.92798026031, 0.0478630523156, 0.0345305506209, 3.14159263869, 218.672860656, 25.3208479154, 0.941111088596, 0.0371674397216, 14.8279624802, 1.00506910822, 0.0677820104795, -2463.29131406, -0.112432029851, 9.92572486224, 1
18.1611827387, 0.531547906935, 0.0292683529802, 0.011750335879, 3.14159265359, 153.933613877, 7.82291265775, 0.180658085016, 0.0230934554583, 10.3397122566, 0.352323544206, 0.0340747919732, 1477.44430854, 101.087640188, -8.00233117558, 1
12.4386614942, 0.11013458505, 0.00885421515024, 0.113952089624, 3.14159265359, 129.686531197, 8.23139884017, 0.316067947931, 0.0383978414931, 4.54420615068, 0.352749284093, 0.0776261622815, -1011.43740046, 3.77279607633, -110.577007647, 1
4.41430409051, 0.158445566803, 0.0358936683006, 0.0965470058389, 3.14159263869, 108.174023152, 0.837586395376, 0.0388733133062, 0.0464111087773, 3.57735049326, 0.192969242747, 0.0539419447745, -2069.29356382, 0.926000888672, 81.2052647149, 1
21.9911699491, 1.05865647574, 0.0481400706826, 0.0879840103333, 3.14159265359, 283.544903371, 3.1730158441, 0.315696805429, 0.0994942417372, 18.8850859515, 0.855350792552, 0.0452923960606, 628.125581324, -111.736550225, -50.4408622709, 1
20.4990863786, 0.919532442032, 0.0448572402229, 0.065519166402, 3.14159265359, 232.266598218, 12.6204482267, 0.289396746342, 0.0229307819456, 7.90066260174, 0.661419310669, 0.0837169417313, -2262.37255325, -25.87856317, 7.64709718171, 1
4.52933611273, 0.154420710271, 0.0340934535278, 0.0301548146934, 3.14159265359, 158.827816835, 3.83637188868, 0.113126734975, 0.0294879480556, 0.688857837755, 0.0409689784537, 0.05947377849, -1102.47012155, -23.3232352397, 61.7829733544, 1
9.70966254549, 0.163168979138, 0.0168048043249, 0.0165732638327, 3.14159265359, 152.101781703, 1.53616379754, 0.0193268351709, 0.0125812333306, 8.17402652812, 0.152663590017, 0.0186766692636, -2455.90524687, -62.8200551434, 45.4527273492, 1
14.4365402318, 0.131352858273, 0.00909863832773, 0.0300046694356, 3.14159263869, 115.444663831, 13.075276243, 0.113902832036, 0.00871131362116, 1.36274665405, 0.0421154395964, 0.0309048196679, -1660.68562821, 63.9260415521, 51.272944748, 1
9.61666311668, 0.783280727601, 0.0814503656931, 0.0526130353304, 3.14159265359, 478.278661077, 7.96611467284, 0.679428205993, 0.0852897847817, 1.65114212684, 0.129444586963, 0.0783969985734, -711.092876019, 52.5967684445, 57.6351659444, 1
7.57274220341, 0.400248260201, 0.0528538077027, 0.0552202112291, 3.14159265359, 284.458218382, 2.42464014715, 0.181513718287, 0.0748621268603, 5.1542919344, 0.12067539928, 0.023412604644, -2073.46389918, 9.47419434847, -8.67723809243, 1
8.11978061424, 0.235900935807, 0.0290526243275, 0.0689454473178, 3.14159265359, 136.803777338, 1.48768049895, 0.0657905752121, 0.0442235918656, 6.63598651007, 0.258680028591, 0.038981397596, -1929.68660463, 15.291894484, -17.0441829854, 1
17.4030798868, 1.06315852565, 0.0610902514136, 0.066369408658, 3.14159265359, 424.765542728, 4.52503403961, 0.0574776032785, 0.0127021372161, 7.88753909727, 0.614444289228, 0.0779006330937, -2253.52384532, 72.1215741631, 110.345868971, 1
7.76031154879, 0.848800012278, 0.109377053607, 0.144614727986, 3.14159265359, 1002.75618263, 4.86790406863, 0.781055465125, 0.160450052859, 2.91134061675, 0.128063325468, 0.0439877507738, 1754.75932785, -133.019324296, 35.0880502513, 1
6.62466213133, 0.306204649328, 0.0462219269841, 0.0546998985111, 3.14159263869, 166.220380097, 2.34404724913, 0.158099475485, 0.0674472221256, 4.28244452485, 0.185164683558, 0.0432380810735, -2365.99674127, 13.2413935009, 59.8223019237, 1
15.5074637867, 0.250264907226, 0.0161383518717, 0.0297714202854, 3.14159265359, 110.472608591, 13.7566148801, 0.242832221163, 0.0176520330968, 1.75113568786, 0.0424348252233, 0.0242327453649, -1811.95959332, 64.9847922989, 72.2864082437, 1
9.76553278861, 0.744773969521, 0.0762655746126, 0.0580254568757, 3.14159265359, 425.528851797, 6.21309469931, 0.597704730162, 0.0962008079851, 3.55767882114, 0.15530633684, 0.0436538385414, -1065.01024574, -44.8585276782, 50.9299061263, 1
20.5283256938, 0.490119088997, 0.023875258816, 0.125570327296, 3.14159265359, 146.377795478, 15.3022454685, 0.833514215427, 0.054470059126, 5.26124089992, 0.378296703592, 0.0719025626822, -2309.4080025, 46.4819282347, -34.9706911074, 1
5.61111767053, 0.12951972574, 0.0230826964154, 0.0603754587802, 3.14159265359, 175.975633233, 3.31151846033, 0.0894730770471, 0.0270187462697, 1.92284793256, 0.100252587186, 0.0521375536194, -814.053558228, 90.6702012546, -29.2514239638, 1
17.0655368172, 0.558224781209, 0.0327106487882, 0.0520570578856, 3.14159265359, 408.69467493, 12.1745834586, 0.420707014388, 0.0345561731799, 4.142307169, 0.191628560675, 0.0462613111141, 1509.21397754, 124.856111295, -9.08513067932, 1
13.3677042638, 0.805559682597, 0.0602616325661, 0.0380844748315, 3.14159265359, 374.495692619, 11.2057990081, 0.74414078209, 0.0664067579252, 2.16356735531, 0.0614562709721, 0.028405064821, -2266.7885542, 25.9657760043, -71.4256917919, 1
5.61315378916, 0.211449208864, 0.0376703038623, 0.0338683634055, 3.14159265359, 211.389090231, 2.08295284837, 0.111697032252, 0.0536243690484, 3.52375477637, 0.116550674173, 0.033075705198, -1188.14809706, -7.11483340028, 20.1965864019, 1
2.92551205436, 0.19849077168, 0.0678482152842, 0.118962205093, 3.14159265359, 645.440852276, 0.675263890186, 0.10678924426, 0.158144461465, 2.25288050939, 0.0921238852506, 0.0408915984965, -672.630563286, 85.5983670509, 183.464120852, 1
21.4613518305, 0.393028735403, 0.0183133261365, 0.0307143204785, 3.14159265359, 92.6029074923, 6.67982136514, 0.0802859358806, 0.0120191740904, 14.7908227962, 0.391825004028, 0.0264910890642, -1942.00772719, -2.33845935597, -15.2489958241, 1
22.1353557387, 0.633147414739, 0.0286034442913, 0.21508859407, 3.14159265359, 61.7462043801, 21.559071975, 0.737315995823, 0.034199802138, 0.597263471083, 0.107704528606, 0.180330011496, 208.268352383, -48.7611204346, 145.627488528, 1
46.2442190051, 1.65169445647, 0.0357167769724, 0.0680603413421, 3.14159265359, 176.326121107, 40.6751317769, 1.58358987357, 0.0389326304399, 3.80359291481, 0.162697236227, 0.0427746185966, -1702.01080249, 30.0919787246, 7.52868045776, 1
6.78233180138, 0.214162950411, 0.0315765958792, 0.0771122514439, 3.14159265359, 194.447044058, 6.08678159257, 0.242241764187, 0.0397980049889, 0.698464556849, 0.027066334, 0.0387511917886, -2035.76281221, 23.078707386, 109.951636791, 1
7.50783736607, 0.287025690764, 0.0382301422859, 0.0156822264984, 3.14159265359, 403.89533756, 5.25118757157, 0.180272184637, 0.0343297934381, 2.25622676982, 0.110193699273, 0.0488398155481, 2519.75243515, -49.9115763522, 31.087085838, 1
3.56931946952, 0.200326112516, 0.0561244557195, 0.0331453491832, 3.14159263869, 285.078554751, 1.97361426546, 0.127424089428, 0.0645638267104, 1.59594081124, 0.0797036168494, 0.0499414616684, -1590.33183228, -32.611100843, 26.7644127335, 1
4.56205503165, 0.128704925128, 0.0282120501036, 0.135207068833, 3.14159265359, 188.321226848, 0.651440159377, 0.0691732909962, 0.106185180635, 3.91505172792, 0.157370413081, 0.0401962538474, -1590.62696928, -42.019641499, 27.7358060189, 1
9.93632076704, 0.187230299182, 0.0188430208295, 0.104265572578, 3.14159265359, 308.451608839, 8.22018125291, 0.0185812517025, 0.00226044306455, 1.69914825421, 0.179486351735, 0.105633131947, -1179.98063178, 4.22311125331, 194.637623666, 1
29.9764980524, 1.33034700035, 0.0443796669653, 0.0649847373033, 3.14159265359, 193.671968438, 17.2701433523, 1.12948759544, 0.0654011708179, 12.7075911967, 0.449892171126, 0.0354034186466, -2435.62496207, -5.55703598915, 19.1842778688, 1
41.3898213608, 1.55082765996, 0.0374688174283, 0.0741742625846, 3.14159265359, 194.275883867, 33.4244775942, 1.60548030912, 0.0480330711109, 7.98156033409, 0.361680111344, 0.0453144618602, -2404.3882256, 50.3077462443, -60.1089698922, 1
6.18511053768, 0.418086080628, 0.0675955713452, 0.0493611431663, 3.14159265359, 348.878235597, 1.75917727307, 0.149278264435, 0.0848568627619, 4.42853378546, 0.187750712566, 0.0423956825581, 745.194519357, 63.7215923238, -203.453826093, 1
7.72041676153, 0.196408445984, 0.0254401351703, 0.0667585590238, 3.14159265359, 139.177782105, 7.21330646917, 0.206400165734, 0.0286138079141, 0.511406847615, 0.0207927305286, 0.0406579040261, -548.137545934, 29.9547936275, -62.1136418824, 1
25.2570803942, 0.759558526031, 0.0300730929378, 0.0591979935674, 3.14159265359, 111.78713207, 1.66090528611, 0.0990887489146, 0.0596594819362, 23.588808076, 0.696514618219, 0.0295273341483, -2245.95863889, 12.8078710472, 51.968617691, 1
11.2049509508, 1.53364618833, 0.136872191146, 0.144857980999, 3.14159263252, 1008.67353574, 8.26202368548, 0.446856233142, 0.0540855667029, 3.05618178782, 0.570431791974, 0.186648514904, 1612.6234041, -179.770184774, -151.666251107, 1
4.9808589709, 0.237783575182, 0.0477394715592, 0.0612074983755, 3.14159265359, 181.071122618, 1.75328563042, 0.0558276366578, 0.0318417237268, 3.03888497529, 0.191967260071, 0.0631702949049, -2411.92556228, -53.8505317005, 53.0714622128, 1
14.0456970718, 0.495388430955, 0.0352697647133, 0.13695426229, 3.14159265359, 150.80157522, 1.81571617867, 0.164707044607, 0.0907118890837, 12.23808118, 0.625744349748, 0.0511309199982, -2080.08128196, 4.16254707218, 31.2456071594, 1
8.99891607986, 0.163349282411, 0.0181521064272, 0.025026598164, 3.14159263252, 114.773552855, 4.58585855748, 0.159486603382, 0.0347779159307, 3.50098598529, 0.0382006617662, 0.0109114009387, -1572.62996942, 89.6839655225, -49.7061977153, 1
7.2061495794, 0.408361588236, 0.0566684862335, 0.0396126857308, 3.14159265359, 307.92664946, 2.40178334489, 0.175885502105, 0.0732312106665, 4.7473809833, 0.237181278924, 0.0499604476148, -2414.09434874, -11.0537897447, 40.3607530785, 1
7.9725135418, 0.295963599776, 0.0371229974367, 0.0145205184461, 3.14159263252, 139.474481527, 3.85634692009, 0.171729877671, 0.0445317501847, 4.11582190955, 0.124380390061, 0.030220061216, -1773.85422017, 12.5915393208, -99.0762091208, 1
39.7617069271, 0.920658881906, 0.023154410438, 0.0564581135385, 3.14159265359, 118.922880439, 23.2918784298, 0.385980292828, 0.0165714540367, 3.31974186932, 0.141862905016, 0.0427331131759, -2357.43188062, 19.7622480708, 11.2495251972, 1
2.60955714636, 1.72390485543, 0.660612034433, 0.780944709597, 3.14159263869, 6680.53993887, 0.732906183382, 0.617337224843, 0.842314117196, 0.998651569472, 0.243228965774, 0.243557385989, 2256.36069696, -220.461805194, 506.537016413, 1
10.101015591, 0.486534216123, 0.0481668612171, 0.0226359122225, 3.14159265359, 180.836073445, 7.77401653188, 0.41267292643, 0.0530836183249, 2.33726734972, 0.0712523436285, 0.0304853202339, -530.855743977, 5.3740873797, -163.05758185, 1
14.0133452832, 0.0995036881021, 0.00710063772007, 0.108948563242, 3.14159265359, 48.0674131588, 2.45344883121, 0.213848938967, 0.0871625836441, 10.2734851054, 0.224798291056, 0.0218814052632, -1468.1442255, -14.1950425377, 13.7016344898, 1
10.524328443, 1.16699022605, 0.110885006333, 0.0500242189929, 3.14159265359, 880.134233397, 8.49542634172, 0.994299758365, 0.117039418432, 2.04196398029, 0.204651186698, 0.1002227212, 527.467776339, -108.695760022, 175.274576926, 1
3.1571709279, 0.0853663000597, 0.0270388591587, 0.149256541559, 3.14159265359, 187.247109268, 2.24988950612, 0.108622949791, 0.0482792374892, 0.916070698625, 0.104573365595, 0.114154252234, -803.9625288, -10.2246282479, 77.6657163417, 1
8.7471666798, 0.412250533165, 0.0471296075925, 0.103736388398, 3.14159265359, 162.115512267, 0.764118599286, 0.0427269674724, 0.0559166698891, 7.97934926001, 0.446709405202, 0.0559831874312, -672.853605995, 65.0754446167, -166.770236692, 1
2.07469563843, 0.0650265971926, 0.0313427164872, 0.499141694243, 3.14159265359, 471.472303782, 1.69035154136, 0.144921347954, 0.0857344430482, 0.424497725043, 0.172934110926, 0.407385247845, 1112.11703085, 123.503114812, -307.154701329, 1
2.97500771817, 0.275353576911, 0.0925555840508, 0.142076254104, 3.14159265359, 650.873118185, 2.40829312404, 0.24951821542, 0.103607909241, 0.565812376406, 0.0808533028006, 0.142897727537, 1466.10251728, -57.5729131324, -145.423859745, 1
7.19379583396, 0.333758247012, 0.0463952904302, 0.0120195970132, 3.14159265359, 251.523952173, 1.85227107282, 0.0978559237094, 0.0528302391292, 5.33925900185, 0.238123622596, 0.0445986273589, -898.352515855, 22.2563766861, -88.3380896903, 1
18.1442931231, 0.53037694087, 0.0292310610985, 0.123258891132, 3.14159265359, 158.744326094, 16.4782513017, 0.426761271827, 0.0258984563358, 1.63635205952, 0.21660267357, 0.132369236993, 640.756853263, -81.2662697947, -20.8706559646, 1
19.8988267146, 0.469853657927, 0.0236121287283, 0.0497828714902, 3.14159265359, 156.200762113, 4.37811375201, 0.0997687359802, 0.0227880639087, 15.5325217307, 0.454849786157, 0.0292837051217, 1219.74922796, 8.24963007342, -65.5489347185, 1
13.9278498113, 0.0348547982827, 0.00250252542602, 0.034069467336, 3.14159263869, 44.8938695455, 10.2606291528, 0.110922148737, 0.0108104627003, 3.67130883666, 0.0866372553935, 0.0235984656285, -1117.24580701, -9.96555152153, 28.5727180505, 1
2.29029573994, 0.0499845648997, 0.0218245024116, 0.115302257461, 3.14159265359, 256.498154381, 1.39426840448, 0.0819514673905, 0.0587773968965, 0.896314689165, 0.0575497023557, 0.064207028013, -202.639101998, 95.8375524321, 58.2882176407, 1
36.0595604936, 1.12105348389, 0.0310889392034, 0.0615242571125, 3.14159263869, 170.801172144, 1.08016275276, 0.0508257059569, 0.0470537479903, 34.9618036308, 1.13226486843, 0.0323857682054, -1241.60931779, -37.5302194132, -23.8558797602, 1
21.6215163309, 0.990684879507, 0.0458193988037, 0.0142395120566, 3.14159265359, 245.23485538, 9.91573311292, 0.446659550663, 0.0450455398079, 11.7096965279, 0.555166849755, 0.0474108657243, -2163.84664167, 15.3995607735, -3.89013304649, 1
8.25309664199, 0.41531058209, 0.0503217883064, 0.0359577872595, 3.14159265359, 223.524557819, 5.44509181673, 0.328410452543, 0.0603131156638, 2.80729997108, 0.0996707547247, 0.0355041341329, -2028.28078815, 46.8688972527, -26.3333392872, 1
22.5225434301, 0.818376205918, 0.0363358698123, 0.100958206851, 3.14159265359, 154.700744587, 20.9964181943, 0.900984175486, 0.0429113274059, 1.52567554102, 0.088614125662, 0.0580818943998, -1928.83367419, -14.3187481524, -41.6407217896, 1
21.1981866303, 0.348907995402, 0.0164593321819, 0.0435617009528, 3.14159265359, 66.2087844277, 4.50518675422, 0.127172774847, 0.0282280806069, 16.6934425775, 0.38578503711, 0.0231099747891, -2435.83934007, -3.96678069176, -15.7671095232, 1
3.5227740434, 0.0763567796264, 0.0216751851483, 0.114748227525, 3.14159265359, 338.841119263, 2.94793125279, 0.0338158364086, 0.0114710396915, 0.577584384175, 0.0659519287506, 0.114185789224, -833.41068656, -47.2852710647, 207.291685724, 1
18.1015944042, 0.515538381954, 0.028480274745, 0.144992869049, 3.14159265359, 174.980294493, 3.1177147032, 0.309136941367, 0.0991549807461, 14.9859248184, 0.75342766246, 0.0502756867922, -2343.79791262, -70.8013341362, 8.86775088899, 1
2.34022596605, 0.0865455862591, 0.0369817220707, 0.291931698291, 3.14159265359, 439.833565486, 1.34194312463, 0.052576049231, 0.0391790443769, 1.4573814255, 0.36556043829, 0.250833743243, 907.639923303, 123.742387211, -63.4121305643, 1
12.1932190653, 0.931057011774, 0.0763585897036, 0.202492705735, 3.14159263252, 663.633091641, 5.58611213829, 0.720287662497, 0.128942571267, 4.54039666064, 0.33993605477, 0.0748692416496, 1803.38596799, -72.7316716302, 205.276823846, 1
10.4511762306, 0.0632599148183, 0.00605289906343, 0.0704607018097, 3.14159263252, 53.8408797986, 7.54362056516, 0.193545381615, 0.0256568288321, 2.91237023094, 0.130435991889, 0.0447868854388, -2468.27497949, -69.1764438007, -12.7357018628, 1
11.5545532989, 0.302267720402, 0.0261600524557, 0.126180448344, 3.14159265359, 91.4439608923, 10.5402039808, 0.387345077317, 0.0367492961257, 1.02074310658, 0.0926436362935, 0.0907609717823, -1254.44088208, -3.61399647119, 78.4484953102, 1
4.46711190379, 0.141890760169, 0.0317634219211, 0.0362105517623, 3.14159265359, 289.13751566, 1.15543278665, 0.0638008627505, 0.0552181515774, 3.31543826009, 0.0870922502957, 0.0262686991774, -1870.38267976, 41.8576791766, -116.992261259, 1
14.0697173661, 0.263498982371, 0.0187280935014, 0.149256384374, 3.14159265359, 164.68488942, 12.9250681896, 0.216863504713, 0.0167785191947, 1.16848663526, 0.17695676431, 0.151440982695, 1803.61419358, -2.17185361527, 33.537586986, 1
5.39025992896, 0.236041436683, 0.0437903625787, 0.127054137562, 3.14159262778, 316.083065233, 4.03322743505, 0.197406524428, 0.0489450514771, 1.37563409129, 0.157167858638, 0.114251209412, -578.707667781, -17.6017536759, 137.361876702, 1
4.46773871165, 0.0379693369509, 0.0084985580853, 0.0810796639484, 3.14159265359, 62.043293232, 3.78565460297, 0.00842572193349, 0.00222569748621, 0.678423619229, 0.053458473601, 0.0787980725992, -51.3467439871, -24.2989578227, 15.7027464734, 1
3.67664426793, 0.0863747974504, 0.0234928350844, 0.0387572588639, 3.14159263252, 68.0430552673, 2.08349700619, 0.082072081932, 0.0393915046137, 1.59641313767, 0.017996357831, 0.0112729953207, -617.517961779, -92.1682866074, 13.4503398213, 1
15.8507125729, 0.613703135897, 0.038717700108, 0.082863579088, 3.14159265359, 147.026304844, 2.01926657723, 0.0679917417003, 0.0336715035384, 13.8311658768, 0.681158819999, 0.0492481129983, -1848.66647754, -22.0178567405, 60.4510984768, 1
1.84343651879, 0.0242373056245, 0.0131478927413, 0.112982176805, 3.14159265359, 123.574690048, 1.50836636577, 0.0354386193513, 0.0234947027165, 0.336579293383, 0.0329157407329, 0.0977949071139, 1480.63552424, 72.0077618437, 23.9589150784, 1
10.287184615, 0.280455025485, 0.0272625636634, 0.0760853391736, 3.14159263869, 247.624077966, 1.61854279607, 0.147459443006, 0.0911062984332, 8.72148319043, 0.152155751695, 0.0174460866773, 1840.37161248, 8.38156440967, 0.480228248325, 1
16.2289375195, 0.874829936642, 0.0539055582405, 0.0521309008841, 3.14159265359, 384.532454781, 2.05267098403, 0.031108807389, 0.0151552818893, 1.3167913533, 0.0626387451101, 0.0475692257193, -1888.60872944, 52.4130561441, 82.3250215506, 1
19.0379247955, 1.14591510479, 0.0601911771951, 0.0186566327414, 3.14159265359, 261.899870711, 16.8092283848, 1.0092844265, 0.0600434715616, 2.22052714169, 0.144956696099, 0.0652803081656, -2074.13543082, 29.6010263555, -40.3025784958, 1
3.03164701037, 0.0472687824321, 0.0155917830376, 0.05300633145, 3.14159263869, 106.309423223, 0.612595592599, 0.0212711530854, 0.0347229939986, 2.41687044658, 0.0584060896614, 0.0241659993584, -1247.68638819, -49.8667321019, 1.16707099243, 1
1.82731937726, 0.0206309843139, 0.0112903001908, 0.0973151503002, 3.14159263252, 131.116447214, 1.43115714022, 0.0425639589744, 0.0297409402352, 0.39807734582, 0.0285902025625, 0.0718207224369, -144.888668701, -136.656299571, -72.6753065163, 1
3.52517900873, 0.101617798259, 0.0288262803128, 0.124365922203, 3.14159265359, 226.967338339, 1.04033305072, 0.0563295507209, 0.0541456898653, 0.755593216382, 0.0648524815442, 0.0858298885407, -1603.76082223, 64.2025507395, 9.4509206884, 1
11.8413320835, 0.557735794392, 0.0471007645473, 0.0300989556281, 3.14159263869, 498.643169072, 11.264022879, 0.536378244553, 0.0476187105011, 0.573458950538, 0.0174635183725, 0.0304529528332, 422.093674675, 125.491125637, 62.0844822633, 1
4.95345267566, 0.253130285403, 0.0511017873749, 0.0422717898695, 3.14159265359, 188.787310712, 2.26435232795, 0.129571704479, 0.0572224131729, 2.68631138721, 0.143441954091, 0.0533973666546, -2092.64663368, -38.0449066341, 79.0569808784, 1
21.542821676, 0.824347187976, 0.0382655160208, 0.126918168557, 3.14159263869, 274.762272041, 10.6967566002, 0.790778753941, 0.0739269652937, 10.8049081981, 0.578130483288, 0.0535062836895, -1282.94667235, 27.6748750222, 45.9415947085, 1
2.26524056983, 0.0719659667475, 0.0317696794354, 0.172160889544, 3.14159265359, 79.0628040251, 1.57903049142, 0.119139048956, 0.075450758933, 0.695732599314, 0.0734588513587, 0.105584891999, -107.035416137, -115.43684614, 131.644429321, 1
17.203099832, 0.666516936703, 0.0387440021398, 0.0302568367701, 3.14159265359, 226.710367277, 3.41780192535, 0.216435902805, 0.0633260521038, 13.798200612, 0.469052551644, 0.033993747796, -808.341095821, 48.6638832785, -13.2946469995, 1
10.1670867281, 0.697431282253, 0.0685969639983, 0.0632390234453, 3.14159265359, 349.750688107, 7.52952001257, 0.590515973561, 0.0784267752227, 2.61616714413, 0.162897975653, 0.0622658900134, -2064.39704033, -33.9539715584, 2.41207423415, 1
50.95373469, 1.36319004933, 0.0267534864249, 0.0227058090463, 3.14159265359, 112.03540727, 9.7071442438, 0.259564342306, 0.0267395163589, 40.9697197082, 1.17006544984, 0.0285592739755, -2428.09899018, 38.939186567, -2.51858760227, 1
11.3419847772, 0.19268366036, 0.0169885310327, 0.0820425076413, 3.14159265359, 115.385187148, 7.84304838613, 0.327883032915, 0.0418055603858, 3.51359053322, 0.143262010985, 0.0407736785577, -2317.29591511, -25.8355541794, -25.3737911668, 1
7.30861989983, 0.350891241322, 0.0480106020195, 0.0886517067042, 3.14159265359, 268.451384918, 6.41286980181, 0.376221735885, 0.0586666730359, 0.892650370962, 0.0274308409948, 0.0307296584275, -319.659852935, -111.572653569, -81.1564403763, 1
13.9218154042, 0.351610103963, 0.0252560527312, 0.112908612227, 3.14159265359, 291.046985396, 6.21886670277, 0.158773077361, 0.025530870004, 3.89291614626, 0.356466780975, 0.0915680604418, 1522.0916654, 60.7030664931, -38.2136293882, 1
6.70110117713, 0.215543951139, 0.0321654524296, 0.0425056627721, 3.14159265359, 141.238999223, 1.99861777382, 0.079501823462, 0.039778403106, 4.70375694722, 0.171145823286, 0.036384920651, -2450.62057888, -10.6731035837, 14.5650401076, 1
16.6824259309, 0.668160296982, 0.0400517466555, 0.0622112950415, 3.14159265359, 193.58942692, 4.70375698172, 0.171145824541, 0.036384920651, 11.9826212582, 0.634667162144, 0.0529656365223, -2462.44723044, -9.998553609, 14.2622807941, 1
11.9017227483, 0.287624788703, 0.0241666517348, 0.128984159857, 3.14159263869, 102.827664067, 0.274646958194, 0.0282845803251, 0.102985230607, 11.629322814, 0.314100094451, 0.0270093194139, 758.616666711, 106.290010175, 47.865284031, 1
2.98669476792, 0.144217673415, 0.0482867131134, 0.0677093706822, 3.14159265359, 301.018223296, 0.601954934689, 0.00868216346345, 0.0144232781611, 2.38335981121, 0.144894849508, 0.0607943663506, 128.985839264, -77.5776302184, 4.21076355703, 1
25.2481501458, 0.305159378503, 0.0120864054095, 0.10608025625, 3.14159265359, 110.841046879, 2.79692450354, 0.261013418173, 0.0933215815598, 22.0694408389, 0.487416830295, 0.0220855994428, -2404.38418932, 61.0864764714, 19.7254208362, 1
8.94443185264, 0.160606334796, 0.0179560130192, 0.106217029446, 3.14159265359, 196.852394904, 3.2330337464, 0.261925532775, 0.0810154032775, 5.72483870484, 0.16865899699, 0.0294609168372, -2118.80323598, 66.5452732909, 98.2823516129, 1
11.6436829913, 0.533504103844, 0.0458191883308, 0.0622925011947, 3.14159262778, 370.508902226, 3.06730686744, 0.225746987309, 0.0735977836796, 7.08906503572, 0.308596930578, 0.0435314006886, -1080.38352565, 76.5450177798, -45.3888785177, 1
6.8272840931, 0.502635940069, 0.0736216529465, 0.0746460398796, 3.14159265359, 454.051496151, 0.433357296327, 0.052160675611, 0.120364133829, 6.39357663805, 0.46457400073, 0.0726626154702, -2124.52636658, -80.2678066775, 99.69001298, 1
50.826149561, 1.82740791929, 0.0359540892842, 0.145641076651, 3.14159265359, 188.305379256, 50.4672117704, 1.86460729825, 0.0369469053836, 0.356464724136, 0.0401077745107, 0.112515409787, -85.1562985242, -34.0726747307, 59.6587948033, 1
34.1744339199, 1.01003070073, 0.0295551552689, 0.0141965615217, 3.14159265359, 133.942964173, 17.3787841418, 0.532712613106, 0.0306530427423, 16.797809755, 0.506055085412, 0.0301262541243, -2294.368725, -2.76358599326, 11.704219364, 1
5.65512877436, 0.0495819912043, 0.00876761488245, 0.282385244932, 3.14159265359, 146.929636644, 2.83146080705, 0.409035574591, 0.14446096996, 2.64649269846, 0.404729226894, 0.152930415085, 1116.1643634, 177.624386771, 82.1965399727, 1
7.88341479395, 0.223709780395, 0.0283772687651, 0.0867222311592, 3.14159265359, 266.99881444, 5.08747420671, 0.0117689632802, 0.00231332146406, 2.79506406445, 0.235716286209, 0.0843330531157, -401.854561378, 63.5415480086, -44.4121463519, 1
12.3253260519, 0.326916699526, 0.0265239798241, 0.0909951459576, 3.14159265359, 166.71714945, 4.66285273169, 0.346700389143, 0.0743537077177, 7.67239543044, 0.229311400236, 0.0298878495399, -2476.83231719, -41.3915422428, -2.74997595556, 1
17.4443811774, 0.705067163843, 0.0404180094825, 0.223513770158, 3.14159265359, 256.45029067, 17.1515780702, 0.751173077249, 0.0437961494958, 0.299512795551, 0.0553592473374, 0.184830992731, 1131.65045828, -79.5077526086, 26.6424022266, 1
10.0567688201, 0.503774185724, 0.050093046259, 0.0409704256468, 3.14159265359, 257.426609103, 5.57675482674, 0.347061591642, 0.0622336111994, 4.65750659949, 0.206910116186, 0.0444250827704, -1611.6593316, 60.1830621241, -15.2207088943, 1
3.34220983078, 0.271597222978, 0.0812627682668, 0.0768169710778, 3.14159265359, 584.140862095, 1.30830080022, 0.109969225182, 0.0840550010847, 2.0147883842, 0.194657517762, 0.0966143736429, -935.388888578, 41.9540365214, -74.3714739246, 1
3.02894992632, 0.0444049319664, 0.0146601736729, 0.0693584016001, 3.14159265359, 43.4811269755, 0.979565327655, 0.0521698241147, 0.0532581366876, 2.04526577001, 0.053838759705, 0.0263236008221, -140.78359884, 60.686297292, -11.5482553027, 1
5.24137292469, 0.319668657206, 0.0609894891662, 0.323778213278, 3.14159265359, 579.596521333, 0.565467045425, 0.156310683191, 0.276427573376, 1.81711265166, 0.0794855471594, 0.0437427735075, 856.263033065, -50.095053297, -72.6226622878, 1
20.62878423, 0.286709548874, 0.0138985189664, 0.0116562928406, 3.14159265359, 16.1867577644, 4.87430922649, 0.11129379038, 0.0228327307949, 15.7537921129, 0.17672527346, 0.0112179513474, -2220.5928062, 47.0778098974, 56.6037951328, 1
3.98277838325, 0.374825479243, 0.0941115581072, 0.281585942953, 3.14159265359, 827.729438967, 2.9652081972, 0.428374304866, 0.144466855741, 1.04869449943, 0.188331247757, 0.179586378931, 856.245396135, 179.444718093, 137.781691599, 1
2.95110183213, 0.019954649024, 0.00676176227021, 0.118421868354, 3.14159265359, 38.9523865543, 2.39097986956, 0.0669671063533, 0.028008226755, 0.568084783942, 0.0524664397728, 0.0923567067027, 85.1928607745, -82.8490486096, 20.1964687389, 1
1.42181334557, 0.0961887898367, 0.067652192277, 0.246484896166, 3.14159265359, 980.259635249, 0.70643087596, 0.131271799095, 0.185823983015, 0.689167207457, 0.042158677324, 0.0611733652847, 1852.38891497, -78.4996660584, -365.086663597, 1
10.1569207215, 0.296961383987, 0.0292373438891, 0.0829414200916, 3.14159265359, 118.361947903, 6.70099915447, 0.166653490272, 0.0248699464707, 3.46458735611, 0.264122610846, 0.0762349404701, -2346.69531228, -33.62739583, -13.082865912, 1
4.11609117832, 0.228988611706, 0.0556325411138, 0.0786948339816, 3.14159265359, 251.64752955, 3.55395924468, 0.231340095838, 0.0650936265475, 0.563880061561, 0.01683357519, 0.0298531129889, -109.887611862, 36.9776118256, 145.800175941, 1
18.3807045782, 0.421849364854, 0.0229506634558, 0.0373001082123, 3.14159263869, 175.356100303, 17.9073436153, 0.397817890831, 0.0222153491538, 0.474110427889, 0.026638762278, 0.0561868305588, -1319.48380722, 58.3575569826, 35.7020032918, 1
4.95833633699, 0.213206128482, 0.0429995292759, 0.0809550098611, 3.14159265359, 236.694575553, 3.17991513208, 0.0633182590046, 0.0199119336129, 1.78344259618, 0.167073529995, 0.093680351895, -2382.72732452, -51.9103710284, 1.69877953309, 1
10.3568618634, 0.60918515495, 0.058819472827, 0.0779445926061, 3.14159265359, 528.583561509, 4.34145746138, 0.451922393273, 0.104094626584, 6.02031991801, 0.15868297557, 0.0263578975422, 95.6133881441, 157.201840982, 80.7101319138, 1
2.57953290923, 0.0942930879558, 0.0365543264125, 0.142445964932, 3.14159265359, 317.805461842, 1.96736428836, 0.0550159139532, 0.0279642739672, 0.626083674344, 0.0939659850872, 0.150085346317, 1101.07494266, -16.477687213, 36.3274493952, 1
40.6692583726, 0.279386987005, 0.00686973400019, 0.0393154272736, 3.14159265359, 20.9370855518, 29.8653908533, 0.191924913747, 0.00642633189332, 10.8087572384, 0.374070526686, 0.0346080977153, -2377.32998682, -18.4425577841, -4.86865265303, 1
7.4969409649, 0.493491341883, 0.0658256939989, 0.0606749988277, 3.14159265359, 450.584281153, 6.32678955395, 0.460536828856, 0.0727915516912, 1.17891297492, 0.0603950833366, 0.0512294669933, -1507.49289723, 39.8212831529, -65.7344403353, 1
12.6465404052, 0.16739519007, 0.0132364413275, 0.0469890256158, 3.14159265359, 59.8327791712, 11.9571356704, 0.18435092039, 0.0154176489648, 0.704247049864, 0.0254062394068, 0.0360757484347, -1375.75307018, -16.9004897593, 7.28744416374, 1
11.9355499679, 0.302759775406, 0.0253662190868, 0.0458934561394, 3.14159265359, 127.20219559, 2.91375984039, 0.0643584362356, 0.0220877628086, 9.03382952172, 0.315739933287, 0.0349508403416, -2227.25114627, -25.9140632948, 26.6239914001, 1
2.32130575667, 0.199267211548, 0.0858427249296, 0.0390375270028, 3.14159265359, 516.266717266, 0.841449338546, 0.0571623047733, 0.0679331507611, 1.48005075642, 0.144248269659, 0.0974617046294, -687.617538622, 52.0770871392, -31.6710038495, 1
11.8223396818, 0.840045558111, 0.0710557792043, 0.0730308714402, 3.14159265359, 476.070874296, 9.51798142152, 0.691056224651, 0.0726053344766, 2.58497693102, 0.274538391553, 0.106205354585, 659.915612774, 11.6520167702, 87.8009166095, 1
7.73778757441, 0.317199634979, 0.0409935827171, 0.0303014526994, 3.14159265359, 240.538944074, 4.83614965733, 0.18814392087, 0.038903659771, 2.90353819439, 0.145819012521, 0.0502211449474, -2085.52566397, 44.2680405497, -42.2362107692, 1
0.734515511902, 0.14893996543, 0.202773070162, 0.209903320569, 3.14159263869, 1988.56954967, 0.345316360731, 0.0880620051604, 0.255018340209, 0.392208380305, 0.078899438163, 0.201167140033, 1630.18272384, 164.323124375, 137.866165662, 1
1.59936344033, 0.466471014835, 0.291660421311, 0.328669133212, 3.14159265359, 2991.38974075, 0.374619906855, 0.112858946865, 0.30126254585, 1.23717785409, 0.39218940961, 0.317003257304, 2292.13692633, 226.671766023, -214.562998494, 1
9.19019710842, 0.287673217064, 0.0313021814081, 0.0867050484387, 3.14159265359, 271.898603014, 8.01793990475, 0.330651413164, 0.0412389487938, 1.17560823103, 0.0548807621968, 0.0466828665776, -2117.10101722, -60.6583844613, 103.59226974, 1
4.89497299158, 0.191752972391, 0.0391734484994, 0.139315273037, 3.14159265359, 203.106932697, 0.723093629415, 0.0629757232623, 0.087092073143, 3.06260187281, 0.199772397579, 0.065229633454, -881.814035547, 87.8128281574, -4.71564867624, 1
5.61587977233, 0.0636938162451, 0.0113417343012, 0.052124761545, 3.14159265359, 59.4717706355, 3.97821620438, 0.0907237701026, 0.0228051381427, 1.64084221402, 0.0550576579443, 0.0335545108931, -1953.01010263, 31.4873142297, 13.9220759171, 1
17.392577664, 1.1332811567, 0.0651588958576, 0.0753040062771, 3.14159265359, 452.12546903, 14.4666743263, 1.08857108308, 0.0752468092205, 2.9425376558, 0.130266416404, 0.0442700932468, -688.721155506, 36.4285763929, 33.6308097537, 1
60.2974837201, 0.79371203787, 0.0131632696574, 0.0287904542331, 3.14159265359, 82.5053474349, 3.97741756286, 0.151182603525, 0.0380102418556, 56.4715060607, 0.660086636672, 0.0116888442104, -1309.42284067, -7.07050107101, 5.15447198155, 1
34.0092205069, 1.13350495054, 0.0333293422679, 0.146946998753, 3.14159265359, 149.90404479, 14.7745460747, 1.26491313943, 0.0856143486938, 1.78822652691, 0.129509667437, 0.0724235243625, -2377.81740045, 18.487397802, 29.8624673252, 1
17.9671984389, 0.619045125336, 0.0344541820163, 0.0809051937764, 3.14159265359, 124.345407292, 3.9256411604, 0.245550192304, 0.0625503407651, 14.0144573958, 0.5939069554, 0.0423781626805, -2123.02267749, 54.3400539509, -1.02153780157, 1
9.733241469, 0.138893917408, 0.0142700577038, 0.114575453978, 3.14159265359, 102.705190091, 4.43911134282, 0.0644855614881, 0.0145266825966, 3.39093965052, 0.347341702574, 0.102432286732, 2453.59865635, -30.9548561103, 29.6117798908, 1
11.0380768467, 0.450744600266, 0.0408354287188, 0.0308527974633, 3.14159265359, 191.973170754, 6.89874121581, 0.323096495797, 0.0468341231668, 4.13555782184, 0.155441892509, 0.0375866809765, -1724.28417974, -25.637514207, -24.8056651547, 1
18.546719147, 0.788179433215, 0.0424969735601, 0.0624062816985, 3.14159263869, 274.6609312, 17.9850065814, 0.797440450245, 0.044339180341, 0.567663763307, 0.0193961055491, 0.0341682996218, 494.562500478, -23.0898010809, -49.7250045037, 1
12.3601105236, 0.646609990626, 0.0523142563645, 0.0478634227907, 3.14159265359, 229.005575479, 1.70050466156, 0.10419485173, 0.0612728997961, 10.6624959843, 0.569720537614, 0.053432192467, -1659.18072111, -16.5307915978, 67.4647081059, 1
11.6059244685, 0.0982176423326, 0.0084627159688, 0.0500355647999, 3.14159263252, 27.0150389577, 8.29358950289, 0.147417686946, 0.0177748955256, 3.32146759011, 0.118338616771, 0.0356284123089, -2460.83497382, 19.4030460957, 3.77391462235, 1
9.77902777428, 0.526443768147, 0.0538339577613, 0.0517165081181, 3.14159265359, 267.994541177, 5.47323403222, 0.362830001548, 0.0662917023852, 4.30777042433, 0.215007747095, 0.0499116076104, -2465.99692962, 59.5403094804, -6.50874599825, 1
2.21606849762, 0.0894301401048, 0.040355314017, 0.0462670270076, 3.14159265359, 173.808204991, 1.71980555553, 0.102057553483, 0.0593424955252, 0.497774488313, 0.0140595948244, 0.0282449083963, -53.5600167284, -50.3336734885, 115.586137803, 1
21.4703032148, 0.315260491168, 0.0146835602653, 0.0248873097431, 3.14159265359, 127.818395672, 0.893164236273, 0.0166355726303, 0.0186254352276, 20.547980032, 0.304397815374, 0.0148140019068, 812.930797632, -23.58454257, -10.7941872623, 1
8.44413652322, 0.160132905975, 0.0189637987892, 0.0920884184471, 3.14159265359, 138.467698455, 4.90145301604, 0.182301374224, 0.0371933330029, 3.55140218585, 0.220587910281, 0.0621129060403, -2433.45616572, 5.38065949941, 48.6919874787, 1
24.7794709317, 1.51904109626, 0.061302402317, 0.0197458309597, 3.14159263869, 328.693658874, 16.612322516, 1.00845193322, 0.0607050538688, 8.08574805354, 0.520688478178, 0.0643958326095, -1923.02819974, -23.0943244423, -3.2931751068, 1
2.28102846196, 0.144907900841, 0.0635274409143, 0.0445148208773, 3.14159265359, 282.29867387, 0.456764755933, 0.0169199965518, 0.0370431306969, 1.82446366366, 0.130142244999, 0.0713317823701, -2324.87516475, 44.9015528651, -26.6643266055, 1
10.190563165, 0.402397053688, 0.0394872243243, 0.050095604677, 3.14159265359, 270.49051912, 9.33397782294, 0.407199786178, 0.0436255360686, 0.85615485302, 0.0102469367576, 0.0119685553629, -797.795568727, -19.4427445742, 22.2193067883, 1
1.55395660263, 0.0457464953679, 0.0294387213198, 0.277237380977, 3.14159263252, 309.598990497, 1.12828729638, 0.117909396254, 0.10450299018, 0.330763377026, 0.057753310119, 0.17460612066, 728.124530061, -172.366645722, 20.9940329624, 1
10.2872646228, 0.168735262204, 0.016402344879, 0.0780918136982, 3.14159265359, 63.0571826802, 4.20537686205, 0.132684688287, 0.0315512004368, 6.15699753479, 0.290501539564, 0.0471823381319, -2317.38107314, 44.2776201979, 4.86154219856, 1
17.6542669124, 0.540507446937, 0.0306162498629, 0.051798336442, 3.14159265359, 103.963067577, 4.83753846329, 0.329201741201, 0.0680514984426, 12.8148172717, 0.213393237872, 0.016652070283, -2196.19622122, -26.7451119337, 46.5145508585, 1
27.015076613, 0.405046818171, 0.0149933618169, 0.0544874836125, 3.14159265359, 68.5026494952, 24.0635002246, 0.437415407458, 0.0181775470474, 2.73069324676, 0.126281215326, 0.046245112107, 259.431434461, -60.1983904514, -25.7400782347, 1
2.85979905963, 0.0971613586929, 0.0339748900768, 0.0586804938836, 3.14159265359, 175.602455694, 0.410097513588, 0.0282101166532, 0.0687888019764, 2.45134830212, 0.0781670146308, 0.0318873554457, -2062.72069268, -1.19166537861, -0.542221752995, 1
3.34389431834, 0.089628477216, 0.0268036213718, 0.154287403499, 3.14159265359, 185.689870953, 1.81642864469, 0.0806916769267, 0.0444232572321, 0.508442117554, 0.0580210932439, 0.11411543466, 0.619244304122, -35.1360947866, -49.7122803817, 1
20.7910892381, 0.176624769473, 0.00849521482255, 0.0483096181007, 3.14159263869, 84.5240502091, 9.63104076598, 0.313676610525, 0.0325693368087, 10.3864893871, 0.173025462019, 0.0166587049359, -2433.77271556, 68.645198255, 47.7165670406, 1
5.82635797046, 0.0835945600706, 0.0143476525978, 0.0847485665705, 3.14159265359, 107.161237601, 2.00685554108, 0.10292451575, 0.0512864596594, 3.83000534118, 0.142371395027, 0.0371726361569, -2380.21643061, 36.609639577, 9.36602612858, 1
3.23671340391, 0.192626505846, 0.0595129941421, 0.0529623629443, 3.14159263252, 317.673762094, 2.2328517062, 0.115671232264, 0.0518042608666, 1.00573866081, 0.0860040487546, 0.0855133168349, -459.258304526, 16.0559736915, -83.8592815241, 1
14.8893808741, 0.750364230891, 0.050395932325, 0.0720878445687, 3.14159263869, 267.241401393, 13.220907904, 0.746557117773, 0.0564679160609, 1.65254144702, 0.0806524697792, 0.0488051116204, -2216.64864051, 20.9754245614, -8.71858266439, 1
5.91381453261, 0.310953592736, 0.0525808834588, 0.0758209515167, 3.14159265359, 176.749054068, 5.24895982679, 0.311271289542, 0.0593015187416, 0.666478407902, 0.0283333677766, 0.0425120565658, -1967.00161992, 29.0916934419, 137.094254709, 1
1.52895203518, 0.245381372524, 0.160489908694, 0.249717468037, 3.14159265359, 1095.94501213, 1.05140325377, 0.00901988707528, 0.00857890352056, 0.647981693261, 0.159624507891, 0.246341076532, 2197.66798773, 71.2187699021, 497.265360767, 1
2.28930208408, 0.0731847643166, 0.031968155197, 0.116818049069, 3.14159263252, 357.052989623, 0.739449026465, 0.0802552652719, 0.10853387103, 1.55530878816, 0.0245435144389, 0.0157804769224, 1611.75907817, 47.642839959, 77.1351084376, 1
4.77235922177, 0.241528296506, 0.0506098315911, 0.0981042063403, 3.14159265359, 244.484481232, 1.07833021891, 0.0274167278175, 0.025425168781, 3.69843996019, 0.268953936785, 0.0727209146776, -1139.87974174, 5.56251231999, 70.9159364851, 1
14.9558739228, 0.11665598993, 0.0078000115896, 0.0364499546154, 3.14159263252, 48.8625944054, 8.35949704935, 0.210833170274, 0.0252207960634, 6.59980776126, 0.0760567990762, 0.011524093099, -2318.00521077, -22.5643664969, -22.0197864811, 1
8.3139744037, 0.262718676614, 0.0315996494405, 0.0345184975368, 3.14159265359, 82.6636426464, 5.07756748537, 0.186011090228, 0.0366338981735, 3.23810223217, 0.111189006445, 0.034337707235, -1949.59494261, 1.34791374908, 156.297074302, 1
27.9464222866, 1.01969822202, 0.0364876123161, 0.0399322860011, 3.14159263869, 95.3098300048, 5.5357254997, 0.0773670999511, 0.0139759639374, 22.4346694332, 0.986521718866, 0.0439730891423, -2317.47281622, 74.5498715221, -81.019805049, 1
30.8487722585, 0.705716428102, 0.0228766455335, 0.0562620014684, 3.14159265359, 96.4688685123, 3.13873881972, 0.222675607762, 0.0709442934095, 27.7098966001, 0.507030160919, 0.0182978005381, -2352.31200278, 2.47638436851, 25.520294902, 1
16.9172004195, 0.361839753813, 0.0213888672381, 0.065039800011, 3.14159263869, 185.469851062, 3.22007731421, 0.105432268799, 0.0327421544611, 13.6072444066, 0.441090782332, 0.0324158785682, -649.750410563, -54.6566032716, -15.9281894777, 1
21.4621764781, 0.673459076464, 0.0313788807558, 0.0190241353242, 3.14159265359, 184.52277288, 1.42913261274, 0.0714682421904, 0.0500081248957, 17.5032656198, 0.544981112005, 0.0311359676441, -1193.32757114, 85.5567182543, -112.467544979, 1
2.85113014025, 0.0442831276822, 0.0155317805585, 0.0304109195822, 3.14159263869, 109.213376206, 0.374425090815, 0.00762022488333, 0.0203518008548, 2.47741050632, 0.0415851804708, 0.0167857447785, -460.703810629, -21.9564240829, -56.6261598589, 1
19.6394893976, 0.103783947216, 0.005284452417, 0.0919557772396, 3.14159265359, 25.3552090329, 4.38150414971, 0.32084153705, 0.0732263455853, 15.3493946829, 0.299106865783, 0.0194865577413, -2415.13207722, 13.2775565005, 7.39077709467, 1
23.2873013845, 0.592909674783, 0.0254606433349, 0.0403216229654, 3.14159265359, 141.516323465, 5.19342367469, 0.290554076463, 0.0559465382882, 18.0887352352, 0.312718043142, 0.0172879993585, -2080.3672757, 10.2662076344, -8.25313670869, 1
6.37678118619, 0.436868740576, 0.0685092882788, 0.0592817340705, 3.14159265359, 402.359467017, 4.42917652437, 0.331610330899, 0.074869522376, 0.999684364945, 0.0418770346379, 0.0418902566714, -2204.34310537, 63.4729156867, 54.6789712771, 1
4.12832782943, 0.143505909798, 0.034761267934, 0.0840849551146, 3.14159265359, 367.241486532, 0.666728919659, 0.0660865478487, 0.0991205659453, 2.29761963471, 0.0636810793375, 0.0277161103499, -71.3959678214, -51.0905142353, -112.691836053, 1
4.81985059637, 0.102748084615, 0.0213176907792, 0.154407024505, 3.14159265359, 130.567859787, 2.77456262319, 0.230700786273, 0.0831485237874, 2.06025273482, 0.151478493235, 0.0735242286907, -2218.77387191, 0.524917109043, -25.2098896276, 1
7.34173840661, 0.0833362382281, 0.0113510225525, 0.184577258032, 3.14159263869, 142.628511646, 4.51027307226, 0.338391520477, 0.0750268365254, 2.85185569496, 0.363577509651, 0.127488045869, -1698.76267865, 66.3568845508, 63.1174550848, 1
12.4959618641, 0.142588260269, 0.0114107470733, 0.0881191323843, 3.14159265359, 85.080680696, 5.93446749676, 0.27636540178, 0.0465695366822, 0.976312217242, 0.0876482448027, 0.0897748110234, 369.921388898, 20.6132839469, 13.5989527417, 1
1.26425403273, 0.189570703792, 0.149946687045, 0.126883017839, 3.14159265359, 1391.09192007, 0.557542414999, 0.0971879413857, 0.174314883982, 0.708660729614, 0.106662786536, 0.150513189287, 1401.47055566, 182.715503944, 35.9490391787, 1
30.2140609422, 0.835003602284, 0.0276362586242, 0.042643235253, 3.14159265359, 53.2474229598, 13.6166850006, 0.687033462829, 0.0504552659327, 16.6465441022, 0.220146494328, 0.0132247566207, -1798.24807948, 34.5323544984, 92.2227366816, 1
33.2577464746, 0.506179757972, 0.0152199054845, 0.110648653854, 3.14159265359, 72.7706619612, 4.67431429491, 0.126547592385, 0.0270729746441, 2.25707748367, 0.19701483995, 0.0872875837781, -2291.9059224, 12.2025310673, 23.9181214159, 1
22.1510408733, 0.309490053075, 0.0139718063294, 0.0715752843428, 3.14159265359, 88.3035441943, 1.6479422166, 0.0908476975607, 0.0551279630108, 20.5462377017, 0.384899192027, 0.0187333173895, -2100.25907332, 19.8996327682, -12.6114362649, 1
10.0114318013, 0.619027820891, 0.0618320968647, 0.0153764460513, 3.14159265359, 333.03638931, 2.80588088589, 0.187539176543, 0.0668378966069, 7.20561213863, 0.434964526232, 0.0603646876717, -2455.89553856, 52.7854741502, -6.81795031498, 1
7.72329562118, 0.30757697846, 0.0398245766504, 0.0987913643913, 3.14159265359, 237.741382939, 6.64214149979, 0.35295274173, 0.053138395462, 1.08598051438, 0.0524822644083, 0.0483270774323, -1668.05455936, -21.6245907086, -8.91004146244, 1
15.8543033092, 0.479173702091, 0.0302235735463, 0.0620238894817, 3.14159265359, 243.344358288, 11.2902902486, 0.200208041016, 0.0177327629855, 4.57103116871, 0.327289120148, 0.071600719415, -2170.61596755, 62.2989703569, 68.4566812337, 1
2.31680655177, 0.140538603249, 0.0606604824824, 0.217754802513, 3.14159263869, 520.557965523, 1.86397924521, 0.147017599597, 0.0788729810027, 0.461263053916, 0.0813090247712, 0.176274739719, 2195.07864779, -0.698292158922, -51.6729527622, 1
9.28595909055, 0.238475394303, 0.0256812884891, 0.083487089431, 3.14159265359, 210.779851515, 4.40531903321, 0.130870400939, 0.0297073605684, 4.89774802969, 0.300350607655, 0.0613242261206, -842.873839499, 124.823931035, -47.7328332588, 1
3.04342667421, 0.291126496168, 0.0956574701256, 0.55796668686, 3.14159265359, 1021.98095751, 0.604782035101, 0.314020886136, 0.51922985127, 2.52155100724, 0.0669025918633, 0.0265323174789, 2368.963542, 55.453037618, -117.1763296, 1
24.8262833436, 0.365630956492, 0.014727575265, 0.0751065055925, 3.14159265359, 51.0224118903, 3.87383298787, 0.209289628585, 0.0540264975904, 20.9527726176, 0.510477763109, 0.024363255996, -2048.4821635, 9.43673820254, 56.4865682686, 1
7.82999017462, 0.298790447622, 0.0381597474529, 0.140761480575, 3.14159263252, 169.156685319, 5.66835036825, 0.426634947876, 0.0752661568463, 2.17699874647, 0.150366651934, 0.069070619438, -2473.96983966, 2.35638536264, -19.2620929918, 1
17.3350194139, 0.197365646737, 0.0113853721201, 0.0349645393857, 3.14159265359, 99.0321608977, 14.4474635085, 0.219504374876, 0.0151932811422, 2.77929259972, 0.0741289569039, 0.026671879352, 337.153784958, -50.1467487753, -8.94552024936, 1
7.09954649378, 0.0827127397028, 0.0116504258089, 0.0391176516054, 3.14159265359, 62.4285657265, 5.91587166113, 0.0999164620595, 0.0168895587637, 1.1929952907, 0.0325095849725, 0.027250388351, -1883.30639255, -7.91284796596, -11.0732690504, 1
18.8122185151, 0.851266372359, 0.0452507167974, 0.110515231874, 3.14159265359, 201.340355841, 1.86724465505, 0.123272373049, 0.0660183295829, 16.473206493, 0.756773847906, 0.0459396807918, -716.532985837, -1.03844856375, 103.131298215, 1
11.4724136965, 0.227894159265, 0.0198645346388, 0.0651955945977, 3.14159263252, 60.1146512234, 6.22282364055, 0.27835015858, 0.044730523418, 5.2549464461, 0.148252764927, 0.028212041064, -1615.31789785, 7.27356397039, -51.4978480144, 1
5.31984177731, 0.154289541578, 0.0290026561008, 0.0659287247819, 3.14159265359, 492.472576338, 3.52455063533, 0.120604009214, 0.034218265445, 0.871157553425, 0.0290279855597, 0.0333211661261, 1911.90733601, -178.427529974, 142.260026634, 1
23.9898182889, 0.240338275757, 0.0100183449855, 0.0656512419952, 3.14159265359, 60.6600455798, 7.08657450146, 0.288572113058, 0.0407209594704, 16.8401428704, 0.4631585396, 0.027503242886, -2155.18862444, 2.5298952005, 9.65930049059, 1
42.0103596905, 0.970097069112, 0.0230918534442, 0.0439574484246, 3.14159263252, 79.5196863559, 5.55331522585, 0.154881684121, 0.0278899500247, 13.3896051178, 0.769611794505, 0.0574783040823, -2407.2271324, 33.3396383913, 13.9291014049, 1
8.81145997635, 0.341711985189, 0.0387804048484, 0.041026089339, 3.14159265359, 186.241484996, 6.13878758155, 0.308827403141, 0.0503075565067, 2.67221056395, 0.0495072726978, 0.0185267109433, -1322.24218604, -22.2694686401, -36.5953096062, 1
9.01935075628, 0.279937456955, 0.0310374288038, 0.0311952535669, 3.14159265359, 175.385256701, 4.99390571993, 0.222750601428, 0.0446044867324, 4.02854876314, 0.0606769838719, 0.0150617474032, -1983.42065713, -50.040685245, -40.8288972796, 1
12.4857777503, 0.430691617607, 0.034494576647, 0.0749385321524, 3.14159265359, 94.0584502604, 3.233086093, 0.238404130289, 0.0737388746947, 9.32542649124, 0.290793986629, 0.0311829155377, 1032.23904606, 14.3005071876, -192.810963517, 1
18.2793253672, 0.771036137232, 0.0421807764642, 0.0336140235574, 3.14159265359, 348.592742088, 0.582063198041, 0.0350389855794, 0.0601979058242, 17.7090320264, 0.748702752078, 0.0422780167184, -132.940957187, -17.4378179268, -47.9201637715, 1
8.85792071205, 0.357664167705, 0.0403778922087, 0.0559312950039, 3.14159265359, 210.826290582, 3.7249182802, 0.180745621106, 0.0485233789067, 5.13621049578, 0.252500639047, 0.0491608821823, -769.097635304, -47.0663858175, -23.7608736579, 1
8.06195685073, 0.60412452138, 0.0749352213818, 0.0294937373933, 3.14159265359, 359.223232137, 7.04519565847, 0.543634846716, 0.0771639104249, 1.0174284458, 0.0650523329765, 0.0639379931286, -2397.53663436, -43.7029730737, -29.3616931309, 1
36.6622798601, 1.0273188393, 0.0280211389805, 0.0145153651182, 3.14159263252, 102.13663091, 31.323944741, 0.943230553723, 0.0301121254529, 5.31611257494, 0.083191597637, 0.0156489533403, -1494.85161489, 55.492940486, -43.3697174957, 1
28.9063882828, 0.818081798556, 0.0283010727785, 0.0505723027852, 3.14159265359, 96.7401222625, 0.6981858475, 0.0488676096709, 0.0699922661651, 28.2079135004, 0.777498953798, 0.0275631500993, 543.595868824, 84.6456626267, 90.2560615128, 1
24.0184446857, 0.435635740624, 0.0181375499673, 0.043630516788, 3.14159265359, 107.280608408, 19.1649016265, 0.226119495006, 0.0117986253941, 4.86258165893, 0.246992896918, 0.0507946013544, -2117.70560866, 8.89066578947, -11.8497427969, 1
8.06548283233, 0.174405276408, 0.02162366222, 0.0726608838518, 3.14159265359, 72.7526966245, 5.06031778008, 0.131552733459, 0.0259969312553, 3.0067825242, 0.175510322286, 0.0583714721213, -2289.68783373, -30.7185377983, 31.773333245, 1
5.95988019706, 0.114432021717, 0.019200389594, 0.0561944981848, 3.14159265359, 135.340616283, 5.25775929893, 0.128593132156, 0.0244577822689, 0.708421460321, 0.0234552137075, 0.0331091236237, 511.377323557, -71.3635615831, 4.27824477084, 1
6.01979665484, 0.080997930718, 0.0134552602625, 0.135471717957, 3.14159265359, 165.631440883, 1.69442041175, 0.1423557266, 0.0840144072943, 4.35953730734, 0.22380366221, 0.0513365631333, -1269.26361099, -103.215569274, -28.6631961973, 1
43.7318633576, 1.41885408827, 0.0324444004745, 0.0714042085926, 3.14159263869, 126.678105289, 0.539171152494, 0.0499717331091, 0.0926825051338, 43.1946140397, 1.37937784373, 0.0319340240537, -817.644555607, -51.4664313462, -72.3697650828, 1
3.83275405244, 0.228164393193, 0.0595301420524, 0.0156864132921, 3.14159263252, 317.686344026, 1.37638545851, 0.0945352661387, 0.0686837146919, 2.45625411047, 0.133991863984, 0.0545513037158, -575.984417221, -1.23640291403, -109.003565576, 1
9.80878039714, 0.357811107897, 0.0364786541659, 0.062577880025, 3.14159265359, 195.033586214, 1.15668294319, 0.0229587458226, 0.0198487804785, 8.65464685236, 0.37878072811, 0.0437661679987, -1357.24666722, -52.353454125, 23.3097805844, 1
12.0834471757, 0.361546199266, 0.0299207828701, 0.053998834845, 3.14159265359, 154.656760227, 7.29939724923, 0.139624246397, 0.0191281884832, 4.78920646469, 0.281695368215, 0.0588187981228, -1895.32638492, -2.46920522673, -10.9182378189, 1
16.9711198249, 1.00588978109, 0.0592706781562, 0.0708708499874, 3.14159263252, 378.850234675, 11.1015317906, 0.891781343618, 0.0803295761735, 5.89053516655, 0.147227648297, 0.0249939341901, 841.156526176, 50.034857427, 125.445541001, 1
17.6247601489, 0.501783998343, 0.0284704015319, 0.116652953349, 3.14159265359, 178.514340005, 13.7233925071, 0.545494344506, 0.0397492343256, 3.89637662895, 0.392813700899, 0.100815126028, -484.194207141, -72.3710594264, -20.4328976381, 1
8.66346829465, 0.309708199097, 0.0357487542592, 0.159380129434, 3.14159265359, 180.889308198, 1.93399247793, 0.202153802031, 0.1045266744, 6.75352697388, 0.477944128601, 0.070769559439, -1710.02073612, -25.4326067978, 9.48255311501, 1
10.6805750006, 0.22601039113, 0.0211608823605, 0.0915708678334, 3.14159265359, 201.51911889, 2.42727190234, 0.221845245246, 0.0913969485793, 8.26222795237, 0.205207523786, 0.0248368266972, 1471.99306382, 4.54493397556, -24.1340122699, 1
11.8164717859, 0.38989657563, 0.0329960230679, 0.0827959178266, 3.14159265359, 280.847054091, 2.25400436573, 0.19744695012, 0.0875982997736, 9.69896628721, 0.330136085083, 0.0340382753489, 473.981645687, 75.9673348598, -1.91147584931, 1
15.6394574726, 0.486511763076, 0.0311079693096, 0.0347303419574, 3.14159265359, 171.355047984, 12.5316469479, 0.475073367948, 0.0379098908485, 3.0551966227, 0.0115944851758, 0.00379500457995, -2467.17551552, 19.0813394035, 14.2570101416, 1
6.08499747324, 0.327467063829, 0.0538154806587, 0.0983222752768, 3.14159265359, 378.528805259, 3.29346268799, 0.276949382838, 0.0840906392678, 2.79898100599, 0.15803332337, 0.0564610202899, 2167.05464125, 117.12789538, 92.2284907196, 1
16.4996161534, 1.19105450128, 0.0721868006022, 0.0993395938798, 3.14159263252, 513.18999697, 5.9474346682, 0.229409881684, 0.0385729132782, 7.46178886859, 0.678093613847, 0.0908754758127, 604.239284119, 50.9041304852, -21.3154356465, 1
22.1842542194, 0.297054582934, 0.0133903344235, 0.035204744638, 3.14159265359, 161.018780644, 7.88134138322, 0.111071414506, 0.0140929581788, 14.250034891, 0.351865678388, 0.024692267849, -2469.25748993, 10.8683166167, -109.224897046, 1
32.8623371568, 0.854144050425, 0.0259915795504, 0.0263983325754, 3.14159263869, 77.8736966965, 11.3334532459, 0.177501163478, 0.0156617016567, 21.5305845271, 0.728775164883, 0.0338483687689, -2388.38598373, -49.318559014, 2.40090023235, 1
12.1107393399, 0.28836428469, 0.0238106259739, 0.0849372187254, 3.14159263252, 95.5037871097, 2.11064900979, 0.0977012352044, 0.0462896648145, 8.77613649969, 0.343399081604, 0.039128730691, -1050.89768834, 112.57213595, -141.787230031, 1
75.8255066506, 2.42282153177, 0.0319525927197, 0.0457141268875, 3.14159263252, 108.501097347, 68.6981174705, 2.49155842009, 0.0362682197392, 7.12968503317, 0.0814327316495, 0.0114216450335, -2381.60529219, -40.611151756, -37.4708112955, 1
18.6741399092, 0.136859013606, 0.00732879877044, 0.0736804996983, 3.14159265359, 51.9292540299, 17.7511203412, 0.0968897930305, 0.00545823537714, 0.924309234253, 0.0698287121325, 0.0755469160588, -1580.91296933, -13.1656196683, -0.653836206555, 1
20.745329281, 0.949014857336, 0.0457459529555, 0.0790859425999, 3.14159265359, 156.193518274, 8.52977005302, 0.186067684768, 0.0218139156872, 12.2305010454, 0.929892864506, 0.0760306434752, -2317.11084924, 47.5669742343, -53.3237218231, 1
10.0555988281, 0.398358963119, 0.0396156380071, 0.0798121049272, 3.14159265359, 213.681907738, 4.06772385119, 0.174111112916, 0.0428030808593, 3.65402098703, 0.246416921756, 0.0674371938833, -2325.76750623, -16.0252957033, -18.4826274202, 1
4.97578159451, 0.0606716844907, 0.0121933978287, 0.0549284506186, 3.14159265359, 68.7692090965, 4.5620124763, 0.0767723266808, 0.0168286095401, 0.417675879116, 0.016281012954, 0.0389800172048, -771.170826312, -22.6968190244, -3.61837102951, 1
35.4893755597, 0.799617755508, 0.0225311869509, 0.126716504178, 3.14159265359, 155.375822206, 24.8391317716, 1.23746268037, 0.0498190794974, 10.7365913561, 0.827572193355, 0.0770796024464, -2014.38983409, -64.3563119854, -73.2217352762, 1
2.10607118688, 0.131134440232, 0.0622649609609, 0.282196197823, 3.14159265359, 569.664915654, 0.564967503658, 0.151198720213, 0.267623746912, 1.55065285964, 0.0201340940236, 0.0129842691086, 984.856143516, -31.4540805458, -50.4290735101, 1
10.8365678251, 0.18532864337, 0.0171021532243, 0.0705786029793, 3.14159265359, 124.848660432, 9.30969884775, 0.13396707463, 0.0143900545894, 1.53083191149, 0.108855356062, 0.0711086274366, -2105.01360075, -17.988383195, -49.2958196533, 1
2.82531805491, 0.261390374442, 0.0925171500562, 0.0914093002639, 3.14159265359, 895.291001213, 0.502419585781, 0.0291322135799, 0.057983833442, 2.32046040957, 0.227370346357, 0.0979850142755, 2146.4675045, 71.8937907267, -22.7828744759, 1
8.01848651116, 0.338663005578, 0.0422352778303, 0.0589911771634, 3.14159265359, 213.064715742, 2.75870499671, 0.22038261022, 0.0798862547763, 5.26271800137, 0.125236379595, 0.0237969010618, -2271.16202746, -10.6976335664, 2.02521366601, 1
