Mother Total Momentum (GeV/c), Mother Transverse Momentum (GeV/c), Mother Fraction of Transverse Momentum, Opening Angle (rad), Decay Angle (rad), Impact Parameter (cm), Daughter1 Total Momentum (GeV/c), Daughter1 Transverse Momentum (GeV/c), Daughter1 Fraction of Transverse Momentum, Daughter2 Total Momentum (GeV/c), Daughter2 Transverse Momentum (GeV/c), Daughter2 Fraction of Transverse Momentum, Decay Z (cm), Decay X (cm), Decay Y (cm), Event type
4.82273775404, 0.196784748079, 0.0408035348623, 0.0256128257249, 3.14159265359, 210.9177765, 2.53458901974, 0.0829490385526, 0.0327268199722, 2.29663993946, 0.118461754785, 0.0515804644645, -1372.88119951, -48.1061773558, -7.06690151383, 1
25.0811380683, 0.519039388058, 0.0206944113399, 0.0789427388406, 3.14159265359, 135.231158809, 5.2105586054, 0.230379749383, 0.0442140213419, 19.7709823616, 0.723793873558, 0.0366088978444, -2236.42470235, 43.9861962463, 100.717238766, 1
14.3505292839, 1.07068115534, 0.0746091753249, 0.0586449885061, 3.14159263252, 562.576050436, 5.10641677723, 0.181670901489, 0.0355769827288, 8.07068154994, 0.691066534423, 0.0856267875454, -1224.61384378, 110.825319274, 72.3190280924, 1
6.10460197357, 0.356603951749, 0.0584155942177, 0.143212923479, 3.14159265359, 490.715475103, 2.75960887339, 0.206210446744, 0.0747245193812, 3.36111616679, 0.349992825999, 0.104129940363, -742.022752873, 129.260773498, 11.363006126, 1
58.7747982358, 1.39259703944, 0.023693778307, 0.0336971032274, 3.14159265359, 162.1210056, 3.84747594207, 0.18089521741, 0.0470165948101, 53.9751706044, 1.21943472997, 0.0225925127483, -1603.10829822, 31.3358542349, -15.4871008328, 1
7.28345638891, 0.152519494184, 0.0209405378491, 0.152283660105, 3.14159265359, 120.333014437, 0.585459496484, 0.0838920257579, 0.14329262103, 6.70984007988, 0.139724810786, 0.0208238660121, 5.59372607632, -38.6196144792, -8.46532170082, 1
8.18263382244, 0.122002268885, 0.01490990206, 0.0533329737599, 3.14159265359, 319.434569385, 2.91457939228, 0.122705275181, 0.0421005087411, 5.26983519144, 0.102458087772, 0.0194423704063, -974.7554822, 9.94691287097, 227.627396232, 1
12.2539421137, 0.658131013289, 0.0537076972604, 0.0401456157205, 3.14159263869, 169.327197911, 6.0961410369, 0.287360871409, 0.0471381599719, 6.13270161368, 0.405579231822, 0.0661338603068, -2344.67416571, 7.57214210645, 110.296783075, 1
2.89612502998, 0.148055522906, 0.0511219375454, 0.127175341387, 3.14159265359, 362.198785204, 0.705544942582, 0.0652804888147, 0.0925249192147, 2.19185652006, 0.151092888542, 0.0689337496136, 1.13625593646, 29.4787593183, 33.3818507843, 1
6.601867272, 0.347114552942, 0.0525782386469, 0.0374616131195, 3.14159263869, 273.646126512, 2.4127288932, 0.10420741873, 0.0431906871194, 4.60431408997, 0.268357155155, 0.0582838507346, -1375.35475549, 66.3683296324, 37.6664902985, 1
2.32540040022, 0.252536344497, 0.108599080173, 0.264772904621, 3.14159263869, 722.064397921, 1.2990459981, 0.275636783985, 0.212184006099, 1.04702475292, 0.0966723928464, 0.0923305705777, 2088.799422, -88.6820650157, 308.645161632, 1
2.9241745328, 0.211673158997, 0.0723873204635, 0.0464607443556, 3.14159265359, 505.261505268, 1.89079291721, 0.162262589286, 0.0858172186963, 1.03478346498, 0.0544963211202, 0.052664468427, -874.8756749, 88.1456001641, -62.9221091405, 1
12.3799415044, 0.435438213548, 0.0351728813415, 0.150175476011, 3.14159265359, 185.296457288, 8.75089039126, 0.689986627359, 0.0788475911033, 3.64965909506, 0.263175651442, 0.0721096531449, -2417.50227738, 23.7725672908, 3.90509554336, 1
9.95200558246, 0.672807227851, 0.0676051899566, 0.0430702809742, 3.14159265359, 372.966317791, 1.29914564407, 0.0495935809077, 0.0381739962213, 8.70111980287, 0.640759657982, 0.0736410568409, 292.871030184, -94.1332240055, -102.34942854, 1
4.13073285378, 0.155158802962, 0.0375620521721, 0.0831691624526, 3.14159265359, 224.927895958, 0.544660858796, 0.029384957744, 0.0539509261029, 3.58756611477, 0.166937038847, 0.046532114951, -1060.24551331, 39.1944583439, 4.44676713932, 1
11.6108597275, 0.247332864979, 0.0213018562608, 0.0866076164982, 3.14159265359, 84.6501091809, 5.41620147189, 0.195976106525, 0.0361833117808, 6.20648692352, 0.323529837342, 0.052127691773, -2417.70343386, 17.2140657362, 10.2836064996, 1
2.53239069629, 0.666243177736, 0.263088621638, 0.385030865458, 3.14159265359, 2585.70592127, 0.32379482874, 0.0646219173994, 0.199576743245, 2.23106727763, 0.662302443768, 0.296854537023, 1949.45284508, -218.946958227, 17.611669758, 1
20.8452536251, 0.773473647424, 0.0371055042714, 0.0789524822471, 3.14159265359, 174.891451813, 14.7366547709, 0.473819115693, 0.0321524201428, 6.12220794877, 0.497098712271, 0.0811959862243, -2352.45472257, 9.08709603059, 3.49143484632, 1
23.1514551609, 1.06372080367, 0.0459461747124, 0.0617537544232, 3.14159263869, 215.483570123, 6.12220778933, 0.497098699324, 0.0811959862243, 17.0469161267, 0.661683620304, 0.0388154441183, -2299.6552817, 8.5394189874, 9.83172316594, 1
3.80961700634, 0.859687036301, 0.225662326389, 0.684176769907, 3.14159265359, 2133.72911386, 0.606291801372, 0.255064816786, 0.420696463664, 3.2443883625, 1.03076387183, 0.317706685102, 2081.24216379, 227.643863496, 37.6661568117, 1
8.38905509799, 0.364983335008, 0.0435070852134, 0.152322102262, 3.14159265359, 203.684390362, 2.76062605674, 0.214161832857, 0.0775772699581, 5.67740610131, 0.492605366581, 0.0867659205261, -2270.14963113, -52.0040711546, -15.9707272049, 1
11.2316651248, 0.445134646686, 0.0396321152511, 0.0470551943773, 3.14159265359, 133.845179161, 2.63256586925, 0.0356906313042, 0.0135573554763, 8.58040300802, 0.431325252504, 0.0502686473002, -2372.69743601, -31.2761520796, -56.3801507254, 1
9.75983098833, 0.495084510644, 0.0507267504156, 0.101755716684, 3.14159263252, 315.094794138, 8.65016225655, 0.539617494927, 0.062382355258, 1.11597325888, 0.04610623519, 0.0413148207838, -1712.83070651, 34.7180331365, -31.2316603034, 1
13.5304171615, 0.28831490354, 0.0213086485138, 0.0310770033667, 3.14159263869, 88.4840516793, 7.67089607234, 0.261662215862, 0.0341110364936, 5.85114857464, 0.048618889136, 0.00830928979427, -1797.53548658, 29.7932705992, 16.1405168636, 1
9.80855445211, 0.296133042017, 0.0301913032612, 0.0957820327167, 3.14159265359, 90.5632435123, 3.39423466468, 0.185108963041, 0.0545362891279, 6.43205530986, 0.265093783967, 0.0412144751865, -2104.3749379, 60.0919242231, 79.602421553, 1
21.1301439043, 0.329540170649, 0.0155957371678, 0.0790057224768, 3.14159265359, 9.31611635831, 4.150334717, 0.314882767202, 0.0758692463794, 16.9331073258, 0.183130213897, 0.0108149207569, -1984.07701182, -1.50318476163, 76.6012559375, 1
4.25873839696, 0.0747388559377, 0.0175495296896, 0.0720387776689, 3.14159263252, 103.637222686, 3.10796501213, 0.0525225612922, 0.0168993412369, 1.15330136097, 0.0753375420905, 0.0653233791616, -957.133793379, 25.2847663635, 30.5269910571, 1
8.14154265703, 0.272265904882, 0.0334415621648, 0.105536399981, 3.14159265359, 131.611302432, 0.919287724809, 0.0949863873647, 0.103326069522, 7.23244940159, 0.259006095692, 0.0358116706126, -1364.08242875, 64.5857140148, -2.64597522998, 1
3.0315115017, 0.106609827781, 0.0351672186371, 0.130001993036, 3.14159265359, 218.650425294, 1.31975849186, 0.118470992257, 0.0897671755766, 1.71799679329, 0.0988767143426, 0.0575534917927, 58.2596004976, -56.5618470572, -8.00384187029, 1
44.9433352405, 1.1934345118, 0.0265542044312, 0.0321095358781, 3.14159265359, 146.090442365, 27.3960956901, 0.835122208458, 0.03048325637, 13.4590971927, 0.283321905049, 0.021050587643, -2146.94443244, -1.03546032904, 13.9208404135, 1
7.91173261165, 0.376696565919, 0.0476123984984, 0.0668418169394, 3.14159263252, 268.619980206, 6.84399520841, 0.308236485274, 0.0450375074628, 1.06999224361, 0.109745913751, 0.102567018039, -396.670674892, -46.5805928771, 119.06053849, 1
13.2584488803, 0.741276307234, 0.0559097307631, 0.113909931471, 3.14159265359, 294.009826126, 1.23782832197, 0.103808975263, 0.083863790657, 11.9946074479, 0.768361491282, 0.0640589110247, -578.769024386, -41.9520347088, -69.9100449562, 1
1.86694641918, 0.158412026786, 0.0848508693975, 0.136189329169, 3.14159263869, 829.865233022, 0.40277815956, 0.0115397634781, 0.0286504200989, 1.46710156706, 0.16669750697, 0.113623699077, 2476.79236145, 76.7519979301, -66.8317832062, 1
5.58298663867, 0.0920347744639, 0.016484863823, 0.122154279345, 3.14159263869, 219.598913806, 1.62479584557, 0.199173772768, 0.12258387619, 3.65196892087, 0.0337985931559, 0.00925489616375, 658.605407754, 178.867216678, -40.5345375418, 1
4.41644474543, 0.299287974546, 0.0677667200197, 0.0934968952405, 3.14159265359, 418.468363458, 2.85036465213, 0.180663661714, 0.0633826488057, 1.53947216002, 0.159673501093, 0.103719641861, 796.660663598, -66.1000595372, 124.802886116, 1
5.15980376102, 0.180931054893, 0.0350654914941, 0.235862438263, 3.14159265359, 364.796344396, 0.93489883605, 0.216335359792, 0.231399753054, 4.19424665751, 0.0779093474008, 0.0185752898584, 1517.85352668, -17.8553473328, 62.4142844072, 1
10.3506876195, 0.720009528572, 0.0695615165913, 0.254412192546, 3.14159263869, 614.491175035, 3.93704442637, 0.769944585965, 0.195564109159, 6.46999634526, 0.420851536025, 0.0650466420022, 1266.35633197, 98.9848061398, -164.685578009, 1
4.16881854615, 0.202516784007, 0.0485789395161, 0.13262509723, 3.14159263869, 334.990061935, 1.92902073386, 0.167675137952, 0.0869224135382, 1.40027087663, 0.0874629212216, 0.0624614299142, 183.042791356, -105.046498684, 89.6286238161, 1
10.6065326108, 0.244389432561, 0.0230414067941, 0.086632308825, 3.14159263869, 164.712524903, 6.07622948668, 0.280734125039, 0.0462020280266, 4.54089605392, 0.235834422238, 0.0519356575085, -2436.91905817, -69.1813323178, -112.358149794, 1
6.399574851, 0.111389231556, 0.0174057236848, 0.0433453983193, 3.14159263869, 90.5679895387, 1.74127573892, 0.082808571353, 0.0475562655024, 4.65462789358, 0.0424538018663, 0.00912077245203, -1436.0090052, -5.19648426597, 12.8661725142, 1
9.25563102308, 0.484885887238, 0.0523882041137, 0.0556635864659, 3.14159263869, 249.235522871, 0.765908425969, 0.0774962365929, 0.101182117816, 8.49015246715, 0.409410787249, 0.0482218415786, 1986.31859131, 20.4314541107, -242.2600992, 1
2.81092445976, 0.123561308707, 0.0439575344255, 0.0990866133439, 3.14159265359, 423.855924534, 0.956321741529, 0.0347823018855, 0.0363709203451, 1.85472771428, 0.138097758078, 0.074457159946, -757.103073352, -7.79408538607, -154.973587877, 1
39.3388758437, 1.08013602387, 0.0274572163212, 0.0500786257539, 3.14159263869, 130.402983112, 28.9489880284, 1.03495250031, 0.0357509042905, 10.3483010277, 0.348051245231, 0.0336336606657, -2474.23312668, -0.263221110446, 1.35663372624, 1
12.2257585511, 0.484728729527, 0.0396481516872, 0.0966609181343, 3.14159265359, 195.640611986, 11.4411211766, 0.519173299027, 0.0453778341312, 0.789176028029, 0.0455905814374, 0.0577698508548, -1790.92053108, 13.1419491127, 17.1585848713, 1
20.7320997067, 0.775268971161, 0.0373946190752, 0.0779869160549, 3.14159265359, 355.920373951, 14.4070460292, 0.726274363576, 0.050411053182, 1.57441981227, 0.0548340406444, 0.0348280936362, 485.515895296, 72.1558195314, 36.8407042234, 1
6.80144140511, 0.242970948982, 0.0357234495617, 0.00369385825932, 3.14159265359, 199.667016853, 1.38247474988, 0.0458123504402, 0.0331379292419, 5.41816510483, 0.19641190489, 0.0362506311804, 700.670488834, 57.6885195955, 68.8268824042, 1
4.72337929759, 0.0592605184594, 0.0125462120922, 0.0506844385241, 3.14159265359, 255.495321984, 3.95614802182, 0.0651788910706, 0.0164753418505, 0.761469814603, 0.0361730682296, 0.0475042707352, 901.186610049, -66.7019870733, -172.015639647, 1
