Mother Total Momentum (GeV/c), Mother Transverse Momentum (GeV/c), Mother Fraction of Transverse Momentum, Opening Angle (rad), Decay Angle (rad), Impact Parameter (cm), Daughter1 Total Momentum (GeV/c), Daughter1 Transverse Momentum (GeV/c), Daughter1 Fraction of Transverse Momentum, Daughter2 Total Momentum (GeV/c), Daughter2 Transverse Momentum (GeV/c), Daughter2 Fraction of Transverse Momentum, Decay Z (cm), Decay X (cm), Decay Y (cm), Event type
23.3969725313, 1.26382262869, 0.0540165026478, 0.0628735524676, 3.14159265359, 398.07723189, 0.759328055675, 0.0137116234112, 0.0180575751268, 22.6549215879, 1.2711429838, 0.0561089112079, 477.291558254, 108.786948054, -145.593112354, 1
35.06281556, 0.623906961101, 0.0177939777835, 0.0464907409623, 3.14159265359, 168.437441741, 7.45020282263, 0.435524241925, 0.0584580382969, 27.6114055275, 0.486587215225, 0.0176226891, 219.345502938, -93.9755962298, 36.5528172006, 1
21.4227949478, 1.03792081661, 0.0484493652273, 0.0728737075768, 3.14159263869, 229.288402453, 15.6858111054, 1.02033551385, 0.0650483106673, 5.85339684712, 0.208016724755, 0.0355377792056, -2023.73442589, 4.47117467571, 23.3852373134, 1
58.6223870233, 0.945521130598, 0.016129011093, 0.0614530575774, 3.14159265359, 76.0918914473, 10.6220961762, 0.358651618212, 0.0337646743413, 50.0065391247, 1.39111589697, 0.0278186797432, -2088.1245439, 11.8253489042, -10.325606483, 1
1.36614734638, 0.0750729628722, 0.0549523176039, 0.113767003092, 3.14159265359, 310.155134818, 0.930991802071, 0.0472258514281, 0.0507263880552, 0.43712610616, 0.0486675903166, 0.111335355246, -748.017549595, 28.8497545582, 38.3838261579, 1
0.954533869289, 0.0481042970852, 0.0503955895468, 0.0898406994975, 3.14159265359, 294.999730564, 0.565989904631, 0.0318181196381, 0.0562167617792, 0.38955026408, 0.0309616297264, 0.0794804485616, -1126.77530374, 49.9933949223, -43.7917102595, 1
19.9121695813, 0.614157222448, 0.0308433101648, 0.0589989512396, 3.14159263252, 169.992763682, 5.30410613145, 0.339670072091, 0.064039079097, 14.6033114154, 0.390259730697, 0.0267240572769, -2144.89299275, 17.5688906494, -59.7237699985, 1
18.0017996636, 0.272216971097, 0.0151216531782, 0.0701668946245, 3.14159263869, 89.155839664, 12.044881782, 0.434332724931, 0.036059525763, 5.96283348685, 0.219558121682, 0.0368211056315, -2396.20838506, 14.9814185565, 5.89814562326, 1
41.8847770666, 0.883430026458, 0.021091911867, 0.119587531504, 3.14159265359, 90.5313459158, 1.6805124919, 0.15968918176, 0.0950240968338, 40.2572883581, 1.03056960729, 0.0255995783452, -1834.11993545, -18.0054784163, 14.778310523, 1
31.0495875846, 1.00034077405, 0.0322175220952, 0.0736415398149, 3.14159265359, 202.315575828, 3.01661215083, 0.293607384371, 0.0973301736157, 28.033975146, 0.721127122927, 0.0257233274686, -2326.52216504, -32.2859868704, 36.1126139025, 1
13.0646579595, 0.202022008915, 0.0154632451566, 0.0268939213643, 3.14159263252, 250.113868836, 8.13208249381, 0.151085688128, 0.0185789664877, 4.94799119765, 0.111674564591, 0.0225696772953, -2172.48227484, 12.5048504453, 180.595227837, 1
37.7537466852, 1.63106437537, 0.0432027154542, 0.0872709723305, 3.14159263869, 211.51197945, 34.9068838821, 1.63580373902, 0.0468619239844, 2.84561366438, 0.195240694332, 0.0686111037406, -2340.75069724, -6.39293903172, -16.4367193159, 1
27.9268561162, 1.58340526886, 0.0566983000977, 0.0465137971001, 3.14159263252, 282.58182881, 3.01524173192, 0.177521953299, 0.0588748661243, 24.8479211706, 1.44911572007, 0.0583193946134, -1706.17628004, -0.424701227301, 30.7865859264, 1
39.2173471982, 0.766665153065, 0.0195491334279, 0.0462410958162, 3.14159262778, 109.716340397, 37.8623478972, 0.794058120265, 0.020972236651, 1.35963947923, 0.0395056608296, 0.0290559824373, -2403.1091898, 1.03986122654, -38.5667320816, 1
28.4223721866, 1.23564867381, 0.0434745089431, 0.0962771352375, 3.14159263869, 202.688291542, 25.7779521723, 1.34707507697, 0.0522568692798, 2.64614259854, 0.120900754032, 0.0456894326475, -2117.56490463, 10.6582842854, -17.2802181919, 1
23.1163623972, 1.3655721183, 0.0590738324152, 0.104322096633, 3.14159265359, 218.858602482, 21.1884212035, 1.43564316834, 0.067756023658, 1.93354229389, 0.0707317904335, 0.0365814550099, -2219.20847503, -9.62738054507, -84.0580596791, 1
55.3137733876, 0.773185569262, 0.0139781743662, 0.0510068664297, 3.14159265359, 100.563760721, 49.0818225335, 0.931957692151, 0.0189878379417, 6.65018464394, 0.236754370805, 0.035601172521, -2230.7049706, -9.55130208829, 37.8440387299, 1
9.10061002512, 0.360929089194, 0.0396598786453, 0.0367814419812, 3.14159265359, 218.128300398, 4.23969811069, 0.217067252692, 0.051198752134, 3.88347662558, 0.12665303532, 0.032613312125, -2450.74983508, 5.54107590868, -37.3250561424, 1
7.4388764256, 0.468634349771, 0.0629980017088, 0.050623548782, 3.14159265359, 479.91457847, 1.1031109161, 0.105520429329, 0.0956571345537, 6.35665980426, 0.389676842273, 0.0613021389019, -1345.14463328, 59.0879893841, 143.308293538, 1
45.54149656, 1.48259407828, 0.0325547948633, 0.0556388845494, 3.14159265359, 130.866567457, 0.967842739858, 0.0533890138514, 0.0551629016293, 44.6265627332, 1.46291262981, 0.0327812078775, -1384.53971228, 45.8602122052, -44.2908945749, 1
13.1429575566, 0.161246810041, 0.0122686852899, 0.00988568024938, 3.14159263252, 66.4567443385, 12.8134206748, 0.11821380032, 0.00922578000987, 1.67087405455, 0.029840205102, 0.0178590391184, -1980.56735552, -43.1535214724, 120.109964575, 1
20.9767100906, 0.505348703851, 0.0240909418908, 0.135830854355, 3.14159265359, 197.533458871, 20.1228922551, 0.382913116906, 0.019028731658, 0.829637956375, 0.127753401838, 0.153986929909, 1311.90082575, -56.1427621388, -18.1444762906, 1
9.65218943999, 0.587077750942, 0.0608232727498, 0.0630434789572, 3.14159265359, 455.878804214, 8.75279630339, 0.510416888634, 0.058314722626, 0.899569483838, 0.0912594418657, 0.101447907588, -1073.71517504, 109.530530184, 50.623045812, 1
11.9466365462, 0.161626551706, 0.0135290423444, 0.133099142293, 3.14159265359, 32.6349052599, 6.96906972636, 0.483617087939, 0.0693947839423, 5.03788966488, 0.320443543484, 0.063606701377, -2365.96204803, -26.2552038354, 80.2409667276, 1
20.1541626849, 0.594303794545, 0.0294878930887, 0.0680038828953, 3.14159263252, 138.937530065, 0.881262881605, 0.0492101070588, 0.0558404399936, 19.2767899426, 0.598648713343, 0.0310554150937, -1917.45623681, 6.21488752788, -25.0569454288, 1
10.2312383534, 0.438563746916, 0.0428651676137, 0.209250364688, 3.14159265359, 350.877694146, 1.04164527601, 0.147968981726, 0.142053139522, 6.92751831905, 0.576768391876, 0.0832575772899, 77.2324469072, 19.9068321722, -34.5457732869, 1
90.2511824068, 0.74885806242, 0.0082974875503, 0.115097325191, 3.14159265359, 67.6936969047, 88.9108042194, 0.721128737646, 0.0081106986263, 0.652030097964, 0.0697241891475, 0.106934004067, 156.953984135, -10.5273597629, 0.404103551412, 1
8.10432383941, 0.100979720357, 0.0124599809136, 0.161254073662, 3.14159263869, 160.386672332, 1.20232930467, 0.15785607546, 0.131291880557, 5.59099474583, 0.249077823825, 0.0445498225536, 344.881332734, -151.955444556, -58.1876953436, 1
4.01442283423, 0.107143685067, 0.0266896860373, 0.0366728315453, 3.14159265359, 109.806261246, 3.16825014631, 0.10669425485, 0.0336760829866, 0.846624681385, 0.0125588928523, 0.0148340736201, -419.578790205, -71.9310161753, -10.3017003527, 1
9.58217157404, 0.506487974135, 0.0528573267783, 0.134874796696, 3.14159263252, 360.79245019, 7.64183112785, 0.614873258095, 0.0804615082181, 1.67910853556, 0.129314581668, 0.0770138314047, -76.9062672937, 56.2117409867, 70.0057704487, 1
5.54825444261, 0.94349775946, 0.170053080518, 0.288813836938, 3.14159263252, 2021.0646968, 5.26333201039, 0.815705927491, 0.154978999212, 0.305087961616, 0.131167786283, 0.429934323164, 1805.07807318, -26.298811586, 496.53880438, 1
3.47322317579, 0.0658599337542, 0.0189621946016, 0.0785735383117, 3.14159265359, 79.2947145276, 1.40974525997, 0.0726967547787, 0.0515672986058, 2.06578586921, 0.0788356054178, 0.0381625252612, -1902.73303678, -42.6863395431, -22.9626251606, 1
15.0814483347, 0.703086212389, 0.0466192766627, 0.0633366287972, 3.14159265359, 307.595174641, 0.598274052274, 0.0185366704092, 0.030983577407, 14.4852533295, 0.707020870918, 0.0488097001022, -2315.26803222, -40.2477488329, -67.6538088078, 1
89.5409295419, 1.98104419309, 0.0221244541824, 0.0378620266215, 3.14159265359, 141.844227511, 88.0053588048, 1.91707392379, 0.0217836044285, 1.06376453099, 0.0621158738678, 0.0583925032826, 1662.6020314, 31.7651759738, -46.7972425085, 1
82.800721825, 1.74238563502, 0.0210431213233, 0.0893755332686, 3.14159265359, 54.2786036853, 4.43339756137, 0.34130482092, 0.0769849345102, 78.3525894117, 1.85306964004, 0.0236503943769, -2385.08165037, -48.2577656404, -0.2574143157, 1
1.69924292029, 0.0211184563655, 0.012428156159, 0.0575677150825, 3.14159263869, 69.2108447084, 0.966160145974, 0.0326700727002, 0.033814345206, 0.733666910776, 0.019577203765, 0.0266840489567, -276.352185838, 81.4364196617, 37.0856302497, 1
40.0861629266, 1.70867877525, 0.0426251516859, 0.0359133193308, 3.14159265359, 205.625765422, 0.542614872783, 0.0127078875442, 0.0234197184442, 39.578256951, 1.69907740352, 0.0429295662419, -1704.26381933, 16.0185180835, -32.3709371469, 1
24.2490291227, 0.967847150726, 0.0399128206671, 0.140523544023, 3.14159265359, 111.264767246, 4.47116279347, 0.394623281127, 0.0882596539994, 19.7858816163, 1.07788681707, 0.0544775733514, -1182.37138299, -115.912709756, 62.4277447546, 1
11.4405422203, 0.702647592688, 0.0614173331262, 0.161422860728, 3.14159265359, 224.531203973, 11.0466893035, 0.744018077362, 0.0673521321115, 0.397259456525, 0.0373404023289, 0.0939949992771, -1149.72853921, 86.4293557748, 123.107769125, 1
10.9414382993, 0.585299304385, 0.0534938175743, 0.0837836270324, 3.14159265359, 425.369885068, 9.5460788849, 0.592422891708, 0.0620592914484, 1.40013312971, 0.0661826778003, 0.0472688463662, -2404.64120951, -54.9019397026, -166.766953565, 1
33.6927748253, 0.27526992806, 0.00816999874565, 0.0458553438434, 3.14159265359, 4.76751276285, 24.8132812951, 0.482252725546, 0.0194352661307, 8.87276207288, 0.241384613587, 0.0272051263861, -2325.31954486, -23.712156304, 37.7235284581, 1
8.89279488155, 0.313576484611, 0.0352618596052, 0.0110403631337, 3.14159265359, 310.829720396, 2.13864489879, 0.08989465776, 0.0420334660565, 6.75542918079, 0.224123919651, 0.0331768587388, 225.081655053, -112.377487391, -41.3133229848, 1
19.435951664, 0.685528032961, 0.0352711328374, 0.0563256127898, 3.14159265359, 162.13983485, 7.43248578301, 0.476583321353, 0.0641216593299, 12.0198372835, 0.312022425939, 0.0259589558977, -2398.48759121, -63.8033124273, -65.1920027764, 1
4.31101689719, 0.372826914461, 0.0864823598126, 0.164195619215, 3.14159265359, 676.651253756, 3.58293604181, 0.38926102765, 0.108643029936, 0.726823326744, 0.0425295393658, 0.0585142741034, 119.940727376, -45.1540063031, -14.8339046703, 1
6.74706196224, 0.46075384257, 0.068289552571, 0.0226265223683, 3.14159265359, 355.132385545, 2.59187367006, 0.153746719416, 0.0593187550738, 4.16376586566, 0.311382184795, 0.074783788244, -917.237009593, 6.64867100508, -77.1421417534, 1
7.6697750584, 0.0619848866635, 0.00808170854968, 0.0744605465623, 3.14159265359, 83.3098265898, 3.76126180536, 0.143020248783, 0.0380245396849, 3.91587778844, 0.149414892331, 0.0381561684003, -2271.11260878, -35.5146152632, -57.4905894944, 1
37.2954363278, 2.45603216127, 0.0658534234507, 0.199686144088, 3.14159265359, 277.602714325, 36.5308513044, 2.55220555801, 0.0698643876854, 0.779407999118, 0.103047426068, 0.132212430697, -1278.24282472, 45.0673286173, 109.548607229, 1
27.5167036544, 1.11774706029, 0.0406206744212, 0.0267093604371, 3.14159265359, 253.160130211, 26.6257820595, 1.08360047271, 0.0406974138932, 0.887521236372, 0.032488182795, 0.036605527241, 1926.67033508, -113.07322115, -37.7900278397, 1
23.6607202664, 1.42108919045, 0.0600611128677, 0.0335689364578, 3.14159263252, 393.536790112, 22.753610228, 1.36947052791, 0.0601869555729, 0.9649421298, 0.0474241255448, 0.0491471188584, -207.75779722, -52.9839646855, -61.7185813609, 1
34.350942265, 1.42573388984, 0.0415049426837, 0.100772474417, 3.14159265359, 240.954641282, 29.6757171128, 1.24223646787, 0.0418603689725, 1.13902591601, 0.0744816070936, 0.0653906167074, -2316.28098146, -2.86388459707, -50.7252730091, 1
42.5896711972, 1.20059276502, 0.0281897636509, 0.0904784610967, 3.14159265359, 124.526602245, 40.6349160135, 1.2428529113, 0.0305858368426, 1.95789286085, 0.148683858426, 0.075940753143, -1859.97752464, 52.0316689213, -49.4259330421, 1
18.4222045728, 0.766318787881, 0.0415975615108, 0.0931528540157, 3.14159265359, 128.089003356, 16.3766629014, 0.840573358931, 0.0513275118375, 2.048770795, 0.0964225375694, 0.0470636040912, -2437.24910027, 17.7587278341, -75.2483730728, 1
6.35729686894, 0.290113199658, 0.0456346786439, 0.112397117356, 3.14159265359, 413.067006767, 1.88540681411, 0.0942043734479, 0.0499650116584, 4.52785227204, 0.326609653052, 0.0721334605082, -315.257600836, 90.2932954668, 37.3884553061, 1
14.7832005684, 0.469391972342, 0.0317517150748, 0.0789690839912, 3.14159265359, 261.595844599, 1.12489280439, 0.111948923367, 0.099519636831, 13.5647005083, 0.392136861828, 0.0289086265922, 897.838132589, 15.9340576708, 8.92659311615, 1
26.7311074789, 0.768831080238, 0.0287616620765, 0.0302159689788, 3.14159265359, 184.430281254, 24.7909013474, 0.767228455677, 0.0309479855099, 1.93116877449, 0.0066864178994, 0.00346236848261, -406.884725076, -76.1745396436, 131.088514399, 1
16.6083381931, 1.05854280267, 0.063735624261, 0.077291834177, 3.14159265359, 445.975668032, 13.750958082, 1.0399003808, 0.0756238492331, 1.1314830725, 0.00695422238413, 0.00614611261373, 2446.7676862, 107.897281771, 133.087216083, 1
20.2506053279, 1.47834175862, 0.0730023490499, 0.114410936262, 3.14159265359, 430.683413163, 17.3038879723, 1.53342839556, 0.0886175637529, 2.90545733882, 0.116288176708, 0.040024052377, -385.614815389, 75.2362627861, -67.1430285842, 1
32.2440900557, 0.590116889815, 0.018301551968, 0.109683934225, 3.14159265359, 102.370496924, 31.5086201067, 0.64996401512, 0.0206281332828, 0.742803528977, 0.0676881242448, 0.0911252055279, -1114.37278074, 2.7418452492, 9.71823683988, 1
15.9628026382, 0.42591746342, 0.0266818724176, 0.0469726455507, 3.14159265359, 158.363444678, 13.454855656, 0.454866834616, 0.0338068907053, 2.49772868151, 0.0340572344084, 0.0136352817904, -2118.15501802, -2.84006143027, -35.6146024805, 1
12.2035475811, 0.923093563081, 0.0756414113964, 0.117897321866, 3.14159265359, 369.158219089, 11.7647481937, 0.934136343324, 0.0794013036187, 0.442015584276, 0.0266210100376, 0.0602264060015, -1979.67241366, 15.9998211924, 39.2942926114, 1
28.575022728, 1.25773582988, 0.0440152171305, 0.110974252723, 3.14159265359, 334.146929656, 26.8793741885, 1.36174038467, 0.0506611640257, 0.528855479389, 0.0383999954413, 0.0726096200906, -700.685037203, 51.3618014832, -23.6518249832, 1
53.2974679009, 1.30575191183, 0.0244993235749, 0.0849982020768, 3.14159265359, 119.981594337, 3.46161476581, 0.262687873152, 0.0758859350112, 49.6841081423, 1.31877071336, 0.0265431093095, -2185.0325479, 6.71040584913, 41.643310641, 1
66.5415620402, 3.05798785259, 0.04595605752, 0.0306951738582, 3.14159265359, 307.785598092, 63.0356255081, 2.9826864499, 0.0473174720781, 3.02851241219, 0.0581695048604, 0.0192072862658, -1700.94734112, -46.6703853258, 27.6097982485, 1
33.9452314106, 1.08552190516, 0.0319786273373, 0.0970303495644, 3.14159265359, 185.149019335, 30.9362397142, 1.2266576015, 0.0396511538839, 2.95263904406, 0.174343273756, 0.0590465922703, -2407.08323192, 4.93486374381, 36.3983384144, 1
2.0571789946, 0.0861118387598, 0.0418591862866, 0.0428515988489, 3.14159265359, 364.321123498, 1.18580604525, 0.0588081109515, 0.0495933640978, 0.872443320765, 0.0378276864413, 0.0433583311844, -358.086499879, 11.5489507087, -76.8476707519, 1
43.2764703403, 1.75947013604, 0.0406565073863, 0.113637526289, 3.14159265359, 247.83102008, 40.76382278, 1.89789016519, 0.0465581988087, 2.52924355805, 0.187834512151, 0.0742650946181, -2236.02647845, 7.96869951363, -46.8167681968, 1
2.70434620934, 0.0930053404249, 0.0343910628394, 0.0744865073767, 3.14159265359, 334.545080636, 1.41131612892, 0.0653147291632, 0.0462793047034, 1.29316291776, 0.0727256064531, 0.0562385492611, 1965.02980962, -0.460508795137, -26.537482952, 1
37.9313108775, 0.669500594521, 0.0176503416052, 0.0316040566705, 3.14159265359, 126.829344797, 24.956547351, 0.709283376745, 0.0284207333157, 13.0073867791, 0.0582118524942, 0.00447529188474, -2439.97007299, 44.9869684925, -20.7356668237, 1
29.7884353643, 1.67086443936, 0.0560910440219, 0.276124848912, 3.14159265359, 270.190013807, 0.866869671657, 0.280947802106, 0.324094626092, 28.8002940342, 1.55841977034, 0.0541112451311, 2278.63587546, -72.1083739281, -269.485993734, 1
36.8282706444, 1.21339743141, 0.0329474452689, 0.0499935882579, 3.14159263869, 198.16945229, 35.7044822673, 1.13494745017, 0.0317872540953, 1.08761794029, 0.0869744215706, 0.0799678070293, -1985.18065642, 17.5797874128, -18.6639771734, 1
1.6147847671, 0.1982786012, 0.122789491974, 0.158323477647, 3.14159263252, 1164.53747924, 1.03900835837, 0.10059809007, 0.0968212519749, 0.580286474018, 0.117615572254, 0.202685358906, 1562.42006294, -188.770244912, 133.157583948, 1
21.399077837, 0.972643933328, 0.0454526097216, 0.0429876760687, 3.14159265359, 205.337249631, 15.9176497816, 0.832212574682, 0.0522823774929, 5.47581026006, 0.213570698531, 0.0390025746671, -2414.8652165, -17.288589615, -3.46202427605, 1
11.2993893018, 0.294032076745, 0.0260219440974, 0.0625360775083, 3.14159265359, 103.705710877, 9.95699793858, 0.324305024379, 0.0325705625711, 1.3472614137, 0.0500028672378, 0.0371144506399, -2331.84610066, -27.3208915677, 120.70596702, 1
41.7397765608, 2.19763237769, 0.0526507940091, 0.124824396323, 3.14159265359, 254.665100169, 37.0279017007, 2.2831569379, 0.0616604461239, 3.04462188264, 0.199244082142, 0.0654413223782, -2261.92417434, -11.7366449586, 7.77678245253, 1
13.8495476034, 0.536785841014, 0.038758366438, 0.0685656462812, 3.14159265359, 201.650270461, 1.30933088488, 0.0311162617294, 0.0237650101199, 12.5436490579, 0.564665057439, 0.0450160120736, -2089.10324019, 0.843786733951, -2.8327620617, 1
19.6163020657, 0.538985609377, 0.0274764126068, 0.0229301220682, 3.14159265359, 410.616611713, 18.4655349062, 0.509574601986, 0.0275959837923, 1.09709903885, 0.0461945114185, 0.0421060540415, 798.782173522, 42.3218625451, 185.397338925, 1
14.983881587, 1.53213422128, 0.102252157586, 0.095033924358, 3.14159263869, 650.664538304, 14.5802499162, 1.5247528343, 0.104576591146, 0.402786683714, 0.0171968876408, 0.0426947770027, -1291.28033909, 19.7755444147, 39.233472904, 1
12.5336730094, 0.665239392414, 0.0530761726361, 0.0915709885942, 3.14159265359, 258.560073458, 9.45218471577, 0.709138237981, 0.0750237388821, 3.11064279841, 0.0774224361544, 0.0248895296476, -2304.72813381, -16.7869212544, 9.86324821971, 1
9.36838593543, 0.0877864328814, 0.00937049706176, 0.071775070124, 3.14159265359, 32.9144622527, 8.81412235862, 0.117167757197, 0.0132931847812, 0.554800254049, 0.0325262925101, 0.0586270324729, -94.2965617922, 11.8716166244, 39.6621651875, 1
18.7066629059, 0.440027690645, 0.0235225113564, 0.0683742397607, 3.14159263869, 76.9871963164, 18.0605768566, 0.468156013208, 0.0259214319081, 0.652791445955, 0.0286390098589, 0.0438716071364, -2339.0535986, -2.26515104877, -108.415286103, 1
35.7565365557, 1.02517717715, 0.0286710424415, 0.0533637019511, 3.14159265359, 219.141108037, 32.4132101066, 0.826995309918, 0.0255141439925, 3.3462154414, 0.238426372108, 0.0712525467305, -1770.77927142, -94.1699259804, 56.3280758661, 1
50.6146518629, 0.85555744404, 0.0169033553043, 0.0834830390139, 3.14159265359, 59.2434285993, 48.8461399834, 0.967703076123, 0.0198112497006, 1.77632593207, 0.113264361462, 0.0637632764445, -2288.54811887, -24.2804168458, -16.9915447567, 1
0.976664811513, 0.0344367320361, 0.0352595195712, 0.136552902385, 3.14159263252, 246.636032788, 0.347675686606, 0.0222854150896, 0.0640982845453, 0.631822916848, 0.0473970305798, 0.0750163207378, 2308.26521546, -71.4878682393, 54.4983296453, 1
32.4820028232, 1.67756337404, 0.0516459340013, 0.0396856066836, 3.14159265359, 407.689664428, 27.6868229329, 1.02122671551, 0.0368849368521, 1.3867437789, 0.0645580248214, 0.0465536790601, -614.821982302, 124.214743569, -74.496844158, 1
112.39156075, 1.50661687446, 0.0134050712029, 0.0440532291462, 3.14159263252, 57.9295606867, 3.06751494735, 0.169635275061, 0.0553005536965, 109.350127905, 1.34759977725, 0.0123237146867, -2477.48454072, 16.9575163592, 8.09550311324, 1
10.5443824181, 0.510109811575, 0.0483774005294, 0.0928773608749, 3.14159263869, 290.274970725, 5.86179525752, 0.236583744424, 0.0403602879375, 4.68263429556, 0.418983107014, 0.0894759403722, -2153.40013272, -19.7169858158, -43.0957526752, 1
13.6352252641, 0.554234660806, 0.0406472683853, 0.136796212155, 3.14159263252, 251.179961544, 10.4383413796, 0.683077276829, 0.0654392543783, 3.23884813931, 0.238734644308, 0.0737097369309, -1017.79227282, 43.7089693729, 45.0272705526, 1
50.5512710331, 0.578520514045, 0.0114442328001, 0.104082708873, 3.14159265359, 87.1148480731, 49.8930439074, 0.587302316463, 0.0117712264169, 0.655481882299, 0.0667093535245, 0.101771468176, -1837.86920505, -11.7346502681, 48.5778727466, 1
47.2908844903, 0.972862742087, 0.0205718872162, 0.127086789196, 3.14159265359, 25.6630715611, 45.6708548727, 1.03489474114, 0.0226598504457, 2.0509142931, 0.226653318896, 0.110513306021, -181.659456699, -68.965124367, 103.087316828, 1
47.1050611644, 2.01636819953, 0.0428057654462, 0.0429959119003, 3.14159263869, 178.184765082, 45.8269793568, 2.00918590986, 0.0438428615208, 1.43759311974, 0.0294593385509, 0.0204921254466, -2180.94401552, 74.9330457936, -9.77918336742, 1
35.1119420152, 2.39087737443, 0.0680929973452, 0.146173363414, 3.14159265359, 346.129264389, 33.7508452565, 2.48525679335, 0.0736353941497, 1.37723395081, 0.104424357295, 0.0758218000895, -2318.19524956, -38.1297868846, -18.4884383431, 1
11.1376043287, 0.381534933979, 0.0342564633038, 0.0372645030603, 3.14159265359, 120.567120503, 4.04818441199, 0.165682001325, 0.0409274836478, 7.09056629864, 0.263735709288, 0.0371952955773, -1740.12856117, 2.82510143159, -69.5839487787, 1
42.135623978, 1.28915683366, 0.0305954133808, 0.111288547685, 3.14159265359, 177.131075328, 5.43300327382, 0.396759302485, 0.0730276207262, 36.6735244435, 1.58951799958, 0.0433423845595, -2393.22290861, 37.9766528707, -38.2458237379, 1
35.7549079992, 1.06462450255, 0.029775618569, 0.0914903952576, 3.14159265359, 134.34188709, 35.0912853958, 1.03835108645, 0.0295899986204, 0.667209907625, 0.0650440518852, 0.0974866397244, -1117.2922399, -90.2272451928, 42.3186723829, 1
12.1618236446, 0.494005088781, 0.0406193267736, 0.058642152969, 3.14159265359, 204.425744352, 10.8090798622, 0.472231322354, 0.0436883923864, 1.35485807293, 0.0695322418468, 0.0513206831299, -2359.75802293, 50.5184094781, -150.645386517, 1
51.8445388324, 1.96883989539, 0.0379758396879, 0.106537037818, 3.14159263869, 137.508974631, 49.0096850652, 2.20832795908, 0.0450590114208, 2.87478505769, 0.193332425889, 0.0672510890413, -259.969246428, 9.90162362535, -126.954083252, 1
9.37758616238, 0.606874380088, 0.0647154149884, 0.11618135195, 3.14159265359, 338.418879914, 8.35713118554, 0.635834319502, 0.0760828453432, 1.0232329749, 0.0586045377497, 0.0572738947896, -1351.77461763, 44.5294936646, -42.8670115089, 1
16.5831812688, 0.668861406481, 0.0403337209935, 0.0673564091112, 3.14159263869, 139.751702097, 11.105590771, 0.190709305189, 0.0171723692256, 3.98098806952, 0.225900428319, 0.0567448141954, -1887.85964774, 51.9240976174, -148.651418775, 1
4.56445623226, 0.166033215364, 0.0363752453557, 0.0630512135397, 3.14159265359, 207.597803393, 2.53384734197, 0.0673092872221, 0.0265640656827, 2.04161860224, 0.137497779437, 0.0673474366301, -2031.42867157, -15.3632535313, -14.3254287065, 1
13.3079778376, 0.713775854304, 0.0536351850756, 0.598544963771, 3.14159265359, 289.767798982, 13.0636905718, 0.63140470631, 0.0483327971402, 0.297211399129, 0.176674574695, 0.594440775866, 2486.56674115, 189.691520673, -190.893762005, 1
2.39098386814, 0.237312413737, 0.0992530384246, 0.130803446248, 3.14159265359, 733.499186196, 1.33382307037, 0.0933212322401, 0.0699652257583, 1.06344761784, 0.169666184328, 0.159543527562, 1006.3383023, -180.725590194, 161.916026611, 1
62.6315966244, 1.70446926087, 0.0272142074086, 0.0510005748156, 3.14159265359, 142.402269181, 0.912414851259, 0.0225702790727, 0.0247368606961, 61.7854812169, 1.72208674563, 0.0278720293459, 590.481327844, 42.8104069413, 55.904200186, 1
24.8867302748, 1.11854264676, 0.0449453437396, 0.100183628734, 3.14159265359, 265.521881447, 24.3130508409, 1.13426003695, 0.0466523121418, 0.579292275578, 0.0486410707033, 0.0839663719921, -967.694989382, -11.501251664, -11.0081850236, 1
57.8906838179, 2.25568357712, 0.0389645350228, 0.0493417823133, 3.14159265359, 260.155720437, 49.7082060886, 2.00663157344, 0.0403682154585, 4.11967448974, 0.0915183542795, 0.0222149479303, -1873.04919193, -40.019667685, 58.5259284379, 1
66.2716982773, 1.54825540194, 0.0233622412309, 0.0354995814943, 3.14159263869, 300.247544064, 63.0756007788, 1.48141538486, 0.0234863460128, 2.63807664246, 0.0604461435217, 0.0229129595967, 319.954686833, 120.587765934, -56.315173537, 1
77.0314784582, 3.26786095077, 0.0424224098535, 0.0416008464246, 3.14159265359, 136.331907689, 74.3945771321, 3.17320216879, 0.0426536757263, 2.60631524576, 0.140820054574, 0.0540303230022, -1674.05987893, -37.4968481909, -92.2599059244, 1
10.0748183437, 0.230630579797, 0.0228917854328, 0.0906916613049, 3.14159265359, 54.5976149385, 7.75016660402, 0.251358262404, 0.0324326269675, 2.3480813263, 0.171901260799, 0.0732092448732, -2379.367199, 35.2835398367, 50.2683227549, 1
15.7592810997, 0.443007696213, 0.0281109076874, 0.340579212903, 3.14159265359, 483.907492235, 13.9909363431, 0.393976946537, 0.0281594410036, 0.873808901702, 0.291508730427, 0.333606958981, 1335.68788972, -191.148259021, 150.76420128, 1
7.63330082774, 0.46012575374, 0.0602787397122, 0.0818611950018, 3.14159265359, 277.170864357, 6.86663666377, 0.459272972509, 0.0668847057151, 0.722560427989, 0.031695420773, 0.0438654257074, -2460.75579639, 11.8098845964, -15.7398271669, 1
17.2484364991, 0.956793707527, 0.0554713296812, 0.137267307661, 3.14159265359, 281.068176323, 3.76730729687, 0.229129014746, 0.0608203676235, 13.4038716474, 1.12272175989, 0.0837610049857, -2465.42361541, -8.55870316938, -14.728486433, 1
72.3017872463, 1.02843323733, 0.0142241744845, 0.109097497043, 3.14159265359, 61.5081766796, 65.7629820014, 1.38211792463, 0.0210166553062, 6.25659483042, 0.552678455269, 0.088335343785, -2439.98817409, 18.1514993065, 45.8358291975, 1
18.1259430631, 0.686475370312, 0.0378725326413, 0.0802568893241, 3.14159263869, 162.102343614, 14.9556270879, 0.759768684177, 0.0508015263896, 3.17978814359, 0.116719976952, 0.0367068407331, -1930.51637896, -41.9581172789, -23.3681892312, 1
1.06535203443, 0.0728345735593, 0.0683666724291, 0.0142417089858, 3.14159265359, 419.725449319, 0.29006931586, 0.0158768530717, 0.0547346865169, 0.777500699944, 0.0533349406247, 0.0685979326174, 2143.16696667, 148.023216641, 169.056791852, 1
28.6767555262, 1.13372885341, 0.0395347671869, 0.0726334156114, 3.14159265359, 184.236722443, 5.9622357095, 0.128630244092, 0.0215741628408, 22.7277912483, 1.23590752579, 0.0543786904891, -2152.03149029, -32.7546900013, -56.1837845252, 1
22.7173928859, 0.589299783978, 0.0259404671539, 0.0288735705441, 3.14159265359, 144.37828172, 13.8086350608, 0.454154638839, 0.0328891767246, 8.91693850955, 0.206576298218, 0.0231667290289, 849.683174926, 53.0719246743, -38.9570965093, 1
50.1417424909, 1.95490442053, 0.0389875645204, 0.0975246836627, 3.14159265359, 158.768392057, 1.71715215487, 0.0957890202959, 0.0557836531983, 48.4103107603, 2.04605955138, 0.0422649538754, -1913.21286108, 34.1443283502, 45.911677015, 1
2.72836882945, 0.0536094748501, 0.0196489104668, 0.0572157144908, 3.14159265359, 144.093834254, 1.52744015781, 0.0602990408165, 0.0394771870494, 1.20210045784, 0.0324820148208, 0.0270210485396, -1333.25273398, -17.7678869943, 55.0909252355, 1
25.4920412269, 2.1406898926, 0.0839748325191, 0.151293619197, 3.14159265359, 888.550088176, 18.2614758172, 1.78440314897, 0.0977140712407, 0.536016246459, 0.0595767388248, 0.1111472632, 548.252039162, -85.0981957086, -250.383408084, 1
22.3501963498, 0.918840354264, 0.0411110640768, 0.0155355274948, 3.14159265359, 254.339205232, 16.8288124717, 0.690479576904, 0.0410296078861, 5.40640251886, 0.242658618213, 0.0448835648783, -1557.46352298, 18.344480276, 21.5903448245, 1
105.542301532, 2.59405937256, 0.0245783854901, 0.0158749259047, 3.14159265359, 124.264852601, 99.717553219, 2.59837556382, 0.0260573537952, 0.852367117005, 0.0218587659453, 0.025644778534, -1996.15062827, 4.65994317797, 1.23128994021, 1
