Mother Total Momentum (GeV/c), Mother Transverse Momentum (GeV/c), Mother Fraction of Transverse Momentum, Opening Angle (rad), Decay Angle (rad), Impact Parameter (cm), Daughter1 Total Momentum (GeV/c), Daughter1 Transverse Momentum (GeV/c), Daughter1 Fraction of Transverse Momentum, Daughter2 Total Momentum (GeV/c), Daughter2 Transverse Momentum (GeV/c), Daughter2 Fraction of Transverse Momentum, Decay Z (cm), Decay X (cm), Decay Y (cm), Event type
19.5496443521, 1.14848332545, 0.0587470188593, 0.0638933968814, 3.14159265359, 293.514460388, 2.36602805712, 0.159943855456, 0.0676001516442, 17.1598344785, 1.06426303772, 0.0620205887799, -2064.4681069, -21.0317276008, -1.55819638196, 1
55.804272371, 0.537415646406, 0.00963036741762, 0.0800951343363, 3.14159263869, 130.806922791, 40.7252070566, 1.06886915296, 0.0262458862757, 11.0090878186, 0.698135448415, 0.0634144681118, -902.691998908, -47.8982707327, 67.7947566416, 1
7.22795542916, 0.461009375784, 0.0637814358849, 0.0254620653922, 3.14159265359, 322.176589298, 6.48651529387, 0.41133891726, 0.0634144681118, 0.745877227162, 0.0336177662711, 0.0450714474807, 157.598350901, -162.361502379, 141.186030027, 1
13.6344059505, 0.393947484582, 0.0288936302772, 0.0576529803661, 3.14159265359, 227.678267929, 1.05706184671, 0.051433697243, 0.0486572260677, 10.4353762808, 0.325063165492, 0.0311501144516, -1503.97574707, -59.2702996543, -31.2007507345, 1
35.6333645258, 1.46889348067, 0.0412224189384, 0.0880499540512, 3.14159265359, 210.465073153, 32.4859652338, 1.59144961929, 0.0489888358817, 3.16190951573, 0.124578850881, 0.0393998785421, -2446.9133557, -14.0298633548, 2.36917461528, 1
9.09227487083, 0.387592239267, 0.0426287419565, 0.0838186378864, 3.14159265359, 227.128276248, 6.18409709724, 0.450793890643, 0.072895668285, 1.70457174248, 0.0942468886392, 0.055290655295, 2280.33781044, -84.5588033746, -208.831147652, 1
10.1765469196, 0.41870873571, 0.0411444804428, 0.0392014422679, 3.14159265359, 177.435664929, 9.35827921911, 0.373919543158, 0.0399560148189, 0.818981194955, 0.0530633087605, 0.0647918524716, -2157.96741942, 33.4925066957, -37.3944530304, 1
148.67141528, 1.12098688306, 0.00754002967516, 0.0405162214955, 3.14159263252, 32.1607288216, 128.828202633, 1.03296670467, 0.00801817213592, 19.9529494393, 0.754915002568, 0.0378347574561, -2472.70290366, -1.82525212016, -11.7560799169, 1
55.1445502698, 1.10509653436, 0.0200399954113, 0.0654491796098, 3.14159265359, 186.577513646, 5.14627749055, 0.388312124238, 0.0754549526239, 49.9142513651, 0.800259918095, 0.0160326939944, -1424.96574954, 47.5416696698, -55.3937340899, 1
43.0356706422, 1.37252392241, 0.0318927043991, 0.0082354099259, 3.14159265359, 183.080555365, 40.2109078988, 1.27916976349, 0.0318115116104, 2.82803513215, 0.0958129064909, 0.0338796733469, -2457.06039361, -50.0747519319, -50.6319081903, 1
13.9723946894, 0.55184492291, 0.0394953717796, 0.0387783453405, 3.14159265359, 193.149379588, 12.6250148061, 0.544418141326, 0.0431221784441, 1.30221003484, 0.00596082431063, 0.00457746765202, -2194.61853167, 17.1726215741, 6.32403968859, 1
10.1967503245, 0.118674763135, 0.0116384886713, 0.0564879443707, 3.14159263252, 132.261409209, 5.034542478, 0.14478039844, 0.0287574092527, 3.21426811245, 0.102639866863, 0.0319325778908, -2100.99670205, -77.3178363659, 40.1583712104, 1
26.0012012028, 1.14387143305, 0.043993022635, 0.0343160291505, 3.14159263252, 172.427371684, 21.3018083006, 0.944129932479, 0.0443215861843, 4.7482528041, 0.246332256221, 0.0518785048699, -2166.25228672, -43.9382962226, -48.4233891775, 1
4.83306308958, 0.100400353144, 0.0207736483641, 0.0652663596703, 3.14159263869, 98.9299379044, 2.30832323426, 0.104722778241, 0.0453674670368, 2.52939647546, 0.0790230156511, 0.0312418461944, -2100.82136426, 22.215724262, 3.88779406816, 1
20.5121339625, 0.947078865595, 0.0461716400315, 0.098910062365, 3.14159263869, 283.783189191, 16.5082822704, 0.880573236737, 0.0533412999799, 2.29343489322, 0.114194731299, 0.0497920091983, 1534.89695463, -100.64647588, -95.2669954812, 1
18.7866962247, 0.807139352855, 0.0429633472114, 0.0270865452728, 3.14159265359, 202.555535213, 8.22953847132, 0.288478372231, 0.0350540158767, 10.5352141906, 0.543501740288, 0.0515890546174, -2444.32111233, -16.2109312409, -1.46394010118, 1
41.4225810348, 1.08206322263, 0.0261225446507, 0.0454350877801, 3.14159265359, 197.525602437, 33.3561547744, 0.929435031439, 0.0278639740619, 7.10131080783, 0.365344915357, 0.0514475320464, -1791.65081603, 39.8422266824, 69.3936963337, 1
25.9075012241, 1.26370165349, 0.0487774425855, 0.0781369320241, 3.14159263252, 271.846622733, 19.8971849138, 1.17224681795, 0.058915209515, 4.89186454108, 0.262392278141, 0.0536385003994, -1917.13657245, 44.7945291082, 55.0850335713, 1
39.0284079913, 1.50148939693, 0.0384717049506, 0.17257880299, 3.14159265359, 168.922490022, 37.9528175738, 1.71066603452, 0.0450734924012, 1.52005780073, 0.193297419512, 0.127164519283, 1158.38462938, 25.5637300993, -175.09105875, 1
55.9797449612, 0.625869998725, 0.0111802938573, 0.0898166493889, 3.14159265359, 23.9933219987, 20.879377236, 1.40664716907, 0.0673701688114, 38.4580803002, 0.986329116553, 0.0256468629962, -2298.22456629, 29.9385106641, 11.4175054597, 1
28.4871915193, 0.0367847604737, 0.00129127367466, 0.0589352023127, 3.14159265359, 22.279777846, 21.1780943563, 0.347854073743, 0.0164251829221, 7.2885548679, 0.309741456867, 0.0424969644163, -2471.60658617, 12.5001523048, -19.2064184888, 1
31.1468465657, 0.60373591038, 0.0193835324262, 0.0408140952049, 3.14159265359, 142.089810353, 27.2209347015, 0.457986740868, 0.0168247984829, 3.93368153636, 0.195317366777, 0.0496525621029, -2456.42635187, -43.2170057286, -43.2316672011, 1
5.41077396311, 0.471830092794, 0.0872019596476, 0.0969251379361, 3.14159265359, 663.813278482, 2.35519425518, 0.143818334185, 0.0610643193733, 3.05972675513, 0.370452795044, 0.121073816289, -1031.08405287, 116.70689676, 57.081309278, 1
67.8663288022, 2.80275321912, 0.0412981410456, 0.0236328002802, 3.14159265359, 140.978010198, 2.76226259634, 0.146907707954, 0.0531838313087, 65.1044355397, 2.66890554096, 0.0409942198075, -2388.09980477, -23.8131757502, 62.0346694821, 1
28.406377576, 0.585946192055, 0.0206272760575, 0.0881809872232, 3.14159263869, 105.150309004, 10.6086690366, 0.720048540762, 0.0678735983072, 20.7276738427, 0.692974526266, 0.0334323345458, 112.449675644, 45.0110664646, -115.381653348, 1
3.04571149691, 0.63505385864, 0.208507555389, 0.187580172537, 3.14159265359, 2113.20672028, 2.87113669431, 0.469466936187, 0.163512568774, 1.68172624223, 0.460554123538, 0.273857963307, 2095.06725467, -185.51085727, 26.4346516924, 1
2.31312227434, 0.0571980555223, 0.0247276402794, 0.158892669946, 3.14159265359, 211.338465376, 0.698803538786, 0.0662190405576, 0.0947605970522, 1.61899086006, 0.110024961777, 0.0679589764777, 310.867023998, 18.5335814623, -16.7004796495, 1
17.2708462053, 0.217482632198, 0.0125924711281, 0.0608214804217, 3.14159265359, 340.243523278, 14.3391187395, 0.228439989715, 0.0159312433256, 1.68291215837, 0.113565392602, 0.0674814737283, 2254.79618927, 221.372775489, -58.8432082982, 1
14.6509692717, 0.600929166329, 0.0410163420035, 0.0637338389077, 3.14159265359, 84.5444060868, 1.57585314909, 0.0774290413459, 0.0491346807223, 13.0548068542, 0.580816788292, 0.0444906458425, -1835.53505651, 8.23368678416, 171.27611544, 1
13.1008037696, 0.543957335592, 0.041520913156, 0.0601777554007, 3.14159265359, 191.087950038, 6.69372707665, 0.424491610159, 0.0634163307376, 6.41078379501, 0.219215779104, 0.0341948482609, -2454.97331543, -5.90454353951, -4.39857193583, 1
37.2483716046, 0.903348838464, 0.0242520357145, 0.154121228549, 3.14159265359, 151.564263199, 32.5552780195, 1.1478528177, 0.0352585782561, 2.28062043552, 0.281144342809, 0.123275376486, 91.271164725, 33.9490213161, -31.9266681556, 1
18.2315197716, 0.322548360767, 0.017691797766, 0.0869376542604, 3.14159265359, 95.622435263, 4.92216868576, 0.258431199723, 0.0525035235934, 13.5120312672, 0.533310896281, 0.0394693355675, -1635.52404634, -6.25923019349, -7.75457200602, 1
29.3425410475, 1.35807492889, 0.0462834805851, 0.429724692591, 3.14159265359, 568.280450433, 28.3641967535, 1.55812898593, 0.0549329494316, 0.75499902584, 0.300109568189, 0.397496629687, 2074.70263608, -221.788553281, 10.9137566636, 1
47.046609865, 0.699849492507, 0.0148756625507, 0.0121218738447, 3.14159265359, 106.602700768, 1.56345357304, 0.00625290587038, 0.00399941896466, 45.5073625258, 0.695074982171, 0.0152739017072, -2123.28340541, 21.628031709, 55.6132992235, 1
24.8065905741, 1.13929983903, 0.0459273045052, 0.0427913780884, 3.14159265359, 196.8320436, 22.2264650449, 1.09440831883, 0.049238973297, 2.57853361396, 0.081826512353, 0.0317337388623, -2426.1406938, 29.0584164776, 13.413613408, 1
43.0120851339, 1.13153417323, 0.0263073545424, 0.068186241364, 3.14159265359, 92.2881120989, 39.3010977671, 1.09296554557, 0.0278100513131, 3.71006840702, 0.236637852957, 0.0637826118003, -2468.84883556, 27.1170782351, 21.8751793613, 1
8.99915375663, 0.458153840128, 0.0509107692254, 0.00247862921079, 3.14159263869, 73.8038494506, 6.46765611913, 0.357645852892, 0.0552975987443, 2.56101497577, 0.140311247569, 0.0547873592682, 2030.62923624, -123.48494377, -401.588124457, 1
22.5466370547, 0.273041562826, 0.0121100793064, 0.0276556386844, 3.14159263869, 69.9909279844, 12.5522697525, 0.267530871992, 0.0213133462925, 9.98888841297, 0.135829806489, 0.0135980902853, -2454.50734518, -16.5006039958, -2.06804440583, 1
8.93930295759, 0.153206548634, 0.0171385341073, 0.0866080118219, 3.14159265359, 24.8590275856, 4.14502031177, 0.182571888535, 0.0440460781378, 4.77130833309, 0.206615613785, 0.0433037647876, -1527.50858191, -59.2587139397, 55.0653668245, 1
58.9815716408, 2.33283470464, 0.039551925114, 0.0792717702203, 3.14159265359, 387.019599786, 53.6221856271, 2.22537638441, 0.0415010383927, 1.64770352788, 0.0624021229278, 0.0378721789885, 1074.55451227, 22.6967460168, 54.5637442718, 1
79.1512399152, 0.976626514328, 0.0123387392968, 0.0823991088059, 3.14159265359, 20.8200119601, 46.9548271841, 2.2727377348, 0.0484026429464, 10.670762454, 0.454998284822, 0.0426397164009, -2458.26164845, -30.6282574736, 25.0667485326, 1
14.1129454624, 0.655025513995, 0.0464130975168, 0.115712525723, 3.14159265359, 216.369371981, 1.2472712274, 0.0748866456746, 0.0600403857872, 12.8733144248, 0.72736092495, 0.056501449506, -1728.85739702, 90.8291041168, -28.839284266, 1
32.3640628161, 0.905582244581, 0.0279811051452, 0.0376017423896, 3.14159265359, 142.149258115, 26.1519115019, 0.641545483831, 0.0245314949075, 6.14713007389, 0.318775004366, 0.0518575336026, -2456.76076206, -45.9590872707, 36.8831886532, 1
15.7071841862, 0.202151614832, 0.0128700098271, 0.0792463880728, 3.14159265359, 98.0695691939, 11.7718509654, 0.371304249354, 0.0315417049064, 3.9463731017, 0.193111009268, 0.0489337942186, -2442.46478025, 24.4684470336, 33.9387364561, 1
8.05356089765, 0.588970500375, 0.073131687692, 0.0322627415285, 3.14159265359, 801.984196244, 4.49814229768, 0.336071438503, 0.0747133852739, 3.55875924733, 0.266765249481, 0.0749601844186, -150.858045721, 121.795395858, -289.202978287, 1
28.3188040061, 0.842379349236, 0.0297462897464, 0.123892797898, 3.14159265359, 113.3632597, 26.7843383474, 0.969606144876, 0.0362004889686, 1.5456098851, 0.138051516138, 0.0893184738716, -2467.59917238, -60.9170607345, 89.3237142812, 1
11.5133196039, 0.408222073032, 0.0354565049069, 0.0805609261691, 3.14159265359, 211.348370284, 9.99712265714, 0.337924313472, 0.0338021573868, 1.52790980842, 0.130720836449, 0.0855553356147, -2125.82419786, -43.5829396895, -83.0222887697, 1
12.2602965832, 0.708441374932, 0.0577833798817, 0.0736063041224, 3.14159265359, 288.587374743, 3.72641734461, 0.036713310538, 0.00985217358734, 8.492034489, 0.679926514831, 0.0800663864133, -2453.44324587, -25.2716268058, 0.308450497734, 1
7.72534976002, 0.415904335389, 0.0538363114044, 0.0996634771449, 3.14159265359, 260.130894297, 0.670828278481, 0.0190236458568, 0.0283584435348, 7.05465803297, 0.503778178002, 0.0714107155368, 15.782407199, -118.856319073, 78.1927614709, 1
10.2859903174, 0.341175373072, 0.0331689378023, 0.102987972652, 3.14159263869, 140.534308739, 0.877647557382, 0.053935707827, 0.0614548600669, 9.41288920438, 0.392514554129, 0.0416996891822, -1663.57641339, -42.8260256305, -30.8893993409, 1
65.8714799045, 2.05192405305, 0.0311504167816, 0.0470779037155, 3.14159265359, 144.320022487, 6.49128152037, 0.170001718006, 0.0261892382071, 59.1600133626, 2.06716640341, 0.0349419529496, -2402.07138631, -7.63412331832, -8.21908970718, 1
67.4156531827, 2.91510266889, 0.0432407390756, 0.0123641116202, 3.14159263869, 199.002597762, 63.9804950288, 2.79857443627, 0.0437410563174, 2.98668217471, 0.105582403043, 0.0353510674613, -2457.75230664, 0.767076247517, -7.39433572971, 1
5.81251604792, 0.24544320474, 0.0422266713274, 0.114482041289, 3.14159265359, 111.063923841, 5.08832348199, 0.197354791082, 0.0387858185079, 0.726877788895, 0.0737126884377, 0.101410016324, 905.013049884, -99.2120130471, 240.629032559, 1
20.2534456245, 0.668195704849, 0.0329917050777, 0.0358344068552, 3.14159263869, 45.4379499561, 3.1808733361, 0.0194301077301, 0.00610841919093, 17.0627056474, 0.658070984404, 0.0385677979801, -2243.69492067, -36.432211316, -190.555277899, 1
9.29403612121, 0.413625601423, 0.0445044107887, 0.127929629634, 3.14159265359, 311.275557492, 6.16853451573, 0.348806736542, 0.0565461270667, 3.14756012027, 0.236845984901, 0.0752474856239, -825.121931703, -28.4585672543, -84.3946904567, 1
13.8269361266, 0.482667071858, 0.0349077385935, 0.106185429648, 3.14159265359, 336.136115814, 0.869326256967, 0.0613846990932, 0.070611808399, 10.0736677345, 0.384774767599, 0.038196094783, 1233.93816178, 10.3687023121, 77.8333441011, 1
25.6743505781, 0.558249357652, 0.0217434655632, 0.106314955472, 3.14159265359, 306.671894491, 16.3930960876, 0.849527118928, 0.0518222497073, 9.29388811898, 0.697108409754, 0.0750071876087, 643.839353193, -103.85721287, -87.372729274, 1
20.7442579262, 1.15507305225, 0.0556815797587, 0.133696407655, 3.14159263869, 222.508805971, 1.57369883507, 0.131668244766, 0.0836680067573, 19.1825160918, 1.2464426821, 0.0649780600278, -708.856212888, 16.7133430014, -191.222999807, 1
36.2964024945, 1.31810686394, 0.0363150828553, 0.0285089762391, 3.14159265359, 134.368307326, 20.455740784, 0.994960271381, 0.0486396597359, 15.7800776373, 0.323808175995, 0.020520062286, -2467.78718487, -11.3722199612, 55.2283055255, 1
29.9518141611, 0.644342063198, 0.0215126222316, 0.0549476201688, 3.14159265359, 181.092730997, 28.8127893001, 0.631286418202, 0.0219099376887, 1.14154593581, 0.0598276827578, 0.0524093519858, -2121.31170563, 46.9192747758, -209.455212095, 1
26.3243045227, 1.32139567499, 0.0501967933796, 0.0787032828221, 3.14159265359, 190.348317043, 22.2033660424, 1.35431671003, 0.0609960087784, 3.84518113061, 0.108118117416, 0.0281178216951, -2343.18135654, 6.09040291011, 59.4954067644, 1
3.84330821047, 0.0442936082802, 0.0115248650003, 0.0199103860535, 3.14159265359, 71.9752052966, 2.92363371583, 0.0217912653657, 0.00745348681938, 0.921203921978, 0.0236785385672, 0.0257039055114, -1096.47825688, 100.949214403, 68.1913156067, 1
59.7395317743, 2.16963050313, 0.0363181705429, 0.00966038538574, 3.14159265359, 200.589623872, 53.6691162305, 1.974956597, 0.0367987538404, 6.01741596497, 0.199272283457, 0.0331159229505, -2374.77732007, -19.7176032984, 25.2939110439, 1
4.25643336589, 0.0929261625458, 0.0218319317037, 0.131573244923, 3.14159265359, 165.046854239, 1.39369976979, 0.138772943579, 0.0995716197896, 2.87018298614, 0.113122841136, 0.0394131111786, -2149.38380789, 19.163081791, -61.3542329974, 1
51.0568061572, 1.35904605436, 0.0266183131427, 0.156043752466, 3.14159265359, 101.544470719, 35.4115180257, 2.72563769013, 0.0769703712829, 16.6448376071, 1.34358329556, 0.0807207211796, -2450.80583341, -8.98790580399, 24.4420676413, 1
13.8991169158, 0.939384456382, 0.0675859093835, 0.0630308559069, 3.14159265359, 357.472813757, 7.00169740519, 0.487890499965, 0.0696817459725, 6.85413186332, 0.545202942247, 0.0795436903051, -2087.59374476, -0.456357115821, -10.0860315221, 1
20.8783030648, 0.615966040189, 0.0295026869894, 0.0778831081918, 3.14159263252, 208.461106112, 13.7367304573, 0.735467977926, 0.0535402496402, 7.15595301834, 0.2294241182, 0.0320605959279, -2461.79236352, 5.4408566486, -74.3884041632, 1
5.3599313041, 0.201928739485, 0.037673755134, 0.0322910075044, 3.14159265359, 29.4719104852, 4.86246722108, 0.0823156987945, 0.0169287925351, 0.497848955451, 0.0193261411887, 0.0388192864062, -545.056659038, 12.1402265123, -239.61576547, 1
72.5334954158, 0.115018472494, 0.00158572907365, 0.037993444165, 3.14159263252, 20.6187273471, 58.5124621565, 0.419217618137, 0.00716458687066, 14.0607041058, 0.43621613647, 0.0310237761345, -2473.7706566, 13.0543976351, -21.2413543324, 1
30.0203974813, 1.64230021563, 0.0547061449353, 0.0233537264066, 3.14159265359, 188.654587638, 26.2680968548, 1.46492468072, 0.0557682076784, 3.76164481857, 0.193890798681, 0.0515441536968, -2304.77279093, 12.6515577773, 86.2030171287, 1
32.1823550472, 1.19838007563, 0.0372371777601, 0.0620462813727, 3.14159263252, 177.632312789, 26.5167928924, 1.2592306225, 0.0474880438071, 5.66911288203, 0.125745979675, 0.0221808918418, -2466.33612567, -19.4622853246, 4.58907725604, 1
54.2160212183, 2.2246554782, 0.0410331748478, 0.0117953645421, 3.14159265359, 195.820177707, 52.9320691999, 2.17970183829, 0.0411792297418, 1.43325510435, 0.0627670290029, 0.0437933406357, -1606.68145306, 7.18195499782, 36.0543047592, 1
20.1210359595, 1.17807870643, 0.0585496049408, 0.0522383659696, 3.14159265359, 503.830163939, 2.43796477788, 0.182495977133, 0.0748558710894, 17.521955491, 1.04816763764, 0.059820243133, -1734.64595423, 12.4096389082, 184.727960984, 1
11.9437430989, 0.0933068326147, 0.00781219353451, 0.0636057854717, 3.14159263869, 23.0134017252, 10.1772449333, 0.0528440907451, 0.0051923768261, 1.72219170384, 0.10952897586, 0.0635985968439, -1179.38154671, -15.5743210561, 30.7759359946, 1
11.3813932881, 0.886526160702, 0.0778925864576, 0.0467015497929, 3.14159265359, 386.057494819, 10.8334812562, 0.863709507276, 0.0797259428294, 0.548552820036, 0.0272135778267, 0.0496097674329, -2257.33251171, -32.682981337, -7.62007482219, 1
16.4956821884, 0.808627875402, 0.0490205780012, 0.0737507721846, 3.14159265359, 213.849884321, 12.7003600386, 0.553591053069, 0.0435886109831, 3.80259755959, 0.371215247592, 0.0976214920917, -1373.05037636, 50.0672709513, 54.2771373911, 1
38.7479340507, 1.45603558056, 0.0375771151736, 0.0623824582052, 3.14159265359, 431.34538153, 3.76884075046, 0.117978746506, 0.0313037228999, 33.3222245677, 1.30590228908, 0.0391901292912, 1845.43680704, -57.3331699052, -82.1725289608, 1
6.94066505326, 0.542783160684, 0.0782033359223, 0.0650028460151, 3.14159265359, 637.900668602, 6.03395924745, 0.457726305144, 0.0758583686718, 0.821829896489, 0.0862259054683, 0.10491940709, 1161.20545611, -28.4071550931, 17.1113533728, 1
48.968673943, 2.68795474123, 0.0548913116243, 0.0238900981674, 3.14159263869, 258.666802717, 46.9090201583, 2.60521783458, 0.0555376732618, 2.01076821487, 0.0898139556689, 0.0446664886608, -2409.00784866, -3.58201669811, -4.68071487304, 1
22.6589514926, 1.04933017361, 0.0463097409406, 0.0873786591609, 3.14159265359, 209.817247295, 18.7648142599, 1.14141523891, 0.0608274200375, 3.84964085877, 0.112550239188, 0.029236555647, -2340.69758765, 25.9085436472, 5.4512837377, 1
59.3375894763, 1.77847082994, 0.0299720774914, 0.0970872915271, 3.14159265359, 243.98735499, 54.8371150383, 1.8765844428, 0.0342210643556, 2.00641161467, 0.135934320836, 0.0677499670765, 174.009732334, 60.4441759482, -1.32769604898, 1
12.9692490134, 0.564232355893, 0.0435053992184, 0.0370630388113, 3.14159263252, 201.343822983, 8.74632592497, 0.485555320069, 0.0555153471565, 4.22688612658, 0.079098953234, 0.0187132917389, -2449.52073404, 13.395489556, -19.7539633218, 1
6.22473061708, 0.425785482961, 0.0684022344344, 0.0472299484664, 3.14159263869, 522.003431931, 5.2894160146, 0.348125175511, 0.0658154273648, 0.927937898844, 0.0898664578928, 0.0968453363149, -1921.12608979, -33.7091104147, 157.450515289, 1
13.0855625276, 0.560785292648, 0.0428552682748, 0.0432376509616, 3.14159265359, 98.9508376953, 7.45528170215, 0.230954857246, 0.0309786895349, 5.63192663146, 0.335898044278, 0.0596417649338, -2455.11569908, -49.884392186, 96.872027334, 1
57.5227898686, 2.79144331966, 0.0485276066414, 0.0433632727697, 3.14159263869, 269.274212864, 51.1040271804, 2.34011919503, 0.0457912873828, 5.77678036509, 0.509895921626, 0.0882664545648, -1339.40609894, 6.01827865725, -15.4163530423, 1
20.8338946594, 0.499323721759, 0.0239668928889, 0.0175691111387, 3.14159263252, 119.261901951, 19.137870768, 0.485120860545, 0.0253487374027, 1.68915685072, 0.0134618515082, 0.00796956866528, -1110.71541024, -27.3016102204, -13.4939455333, 1
21.9497885729, 0.829617935416, 0.0377961697746, 0.0145356357246, 3.14159265359, 233.287874406, 19.926093284, 0.779523066406, 0.0391207175082, 2.02293529333, 0.0497493937064, 0.0245926767259, -2152.52722271, 34.6230407841, 26.1617041971, 1
7.35622649003, 0.267019032268, 0.0362983701807, 0.0501628209831, 3.14159265359, 377.368379275, 2.42484806541, 0.123609584204, 0.0509762182494, 3.30891662847, 0.108457025063, 0.0327772008912, -933.162393531, -119.356526486, 100.847548675, 1
6.89555204519, 0.134001085331, 0.0194329742497, 0.110130057528, 3.14159263869, 70.7779470439, 5.32517301243, 0.214433538163, 0.0402679007166, 1.57754326077, 0.117495211523, 0.07447986654, -2412.80409381, -23.0448688215, 0.536256720314, 1
29.5853351864, 1.04547589226, 0.035337638924, 0.0436100755602, 3.14159265359, 131.334460831, 28.6298086194, 1.03713675939, 0.0362257664093, 0.961080513243, 0.0355382834262, 0.0369774258624, -2082.26221392, -47.3826205373, 19.0068927456, 1
42.6265122911, 1.68921018078, 0.0396281583922, 0.0145633149769, 3.14159262778, 202.099045741, 40.4832811069, 1.6156076742, 0.0399080220284, 2.1516148253, 0.0785092832331, 0.0364885398213, -2412.54966125, -1.2027466983, 16.2548740859, 1
30.2628211687, 0.449253229896, 0.0148450545107, 0.123452824185, 3.14159263869, 24.7535763444, 4.68263444985, 0.41898312082, 0.0894759403722, 25.50888313, 0.865272290024, 0.033920430213, -2206.12517621, -9.17592195472, -55.8720377109, 1
46.7145155468, 1.29750409193, 0.0277751802998, 0.0431442054792, 3.14159263869, 69.1553888623, 32.1504467622, 0.759301760954, 0.0236171449364, 12.6495569598, 0.476521260607, 0.0376709842188, -1320.38923395, -90.4695094336, 40.377283869, 1
2.89578339177, 0.0948749772703, 0.0327631471124, 0.066661994274, 3.14159262778, 214.622819818, 0.926616169475, 0.0579413635149, 0.0625300587488, 1.97081997213, 0.0673490848051, 0.0341731288284, -1374.54731323, -99.9630195296, -48.2101878115, 1
134.587438528, 0.94766167577, 0.0070412342053, 0.0407847628923, 3.14159265359, 40.095560804, 125.224776601, 1.07142047463, 0.0085559783272, 8.81894627898, 0.320200721593, 0.0363082744201, -2010.17376337, -4.20619682143, -0.171056753294, 1
3.2338600012, 0.159374043291, 0.0492829136797, 0.0415536632731, 3.14159265359, 239.323058024, 2.33835465323, 0.122107576588, 0.0522194425979, 0.894976375069, 0.0466099822801, 0.0520795672137, -1867.20298212, 16.9825757215, 31.6296462118, 1
21.8672971247, 0.903158870087, 0.0413018062971, 0.0356422079337, 3.14159263252, 222.613624792, 21.1019889553, 0.897572525496, 0.0425349727647, 0.764811406457, 0.00596060963701, 0.0077935679132, -2225.88986847, 1.78245539875, -20.1233779305, 1
2.01807880446, 0.0393022156381, 0.0194750648743, 0.0340764602569, 3.14159265359, 146.663467112, 1.29661066088, 0.0175145737893, 0.0135079668228, 0.719876516533, 0.0271080111512, 0.0376564737544, -213.385417766, 17.2132074215, -4.84717494692, 1
26.4545413274, 0.130454861834, 0.00493128420635, 0.0117897458398, 3.14159265359, 93.4010962573, 15.2280568116, 0.144846476039, 0.00951181610571, 11.2198791099, 0.042809090734, 0.00381546809146, -2297.58361706, -23.1133829162, 65.2992650799, 1
55.5321938271, 2.77585055578, 0.0499863298112, 0.0821957700394, 3.14159265359, 480.522424926, 49.8034942016, 2.5917389789, 0.0520393000622, 4.747708714, 0.308406221219, 0.0649589601631, -295.530625079, -110.796743601, -84.0096361874, 1
5.70815413243, 0.108361302791, 0.0189835978982, 0.0769053569614, 3.14159263869, 85.8918353131, 1.2581011665, 0.0635684190924, 0.0505272714033, 4.45517928758, 0.14634136001, 0.032847468208, -1435.8171692, -50.5553656438, -2.28798572759, 1
12.5227916444, 0.317719925753, 0.0253713337071, 0.0600847909314, 3.14159265359, 215.449201461, 10.0410351028, 0.125848895333, 0.012533458358, 2.57892888726, 0.185124998906, 0.0717836772548, 889.026906194, 11.8906158619, 6.75969979754, 1
10.5229306767, 0.668794107295, 0.063555878856, 0.118095342464, 3.14159265359, 608.842219456, 5.42570623876, 0.392793927551, 0.0723949860656, 2.12095185017, 0.0971353935732, 0.0457980192078, 2054.0540195, 30.6007025538, -17.628634845, 1
8.88249300857, 0.549265059646, 0.0618368130565, 0.0729853589632, 3.14159265359, 451.338443864, 1.04866967546, 0.126352933384, 0.1204887834, 7.83649513733, 0.430867731967, 0.0549821985998, 77.1183385201, -2.59092044313, -4.28378258214, 1
64.801423964, 1.15955083495, 0.0178939097942, 0.0551667227365, 3.14159265359, 67.097864859, 60.3355989829, 1.3021513424, 0.0215818084904, 4.4361759538, 0.151815462827, 0.0342221463728, -2436.86865378, 53.8832805477, 41.6590935893, 1
11.0816557685, 0.628495584722, 0.0567149528782, 0.0562279284507, 3.14159265359, 282.531416273, 1.97126671414, 0.119842106824, 0.0607944657943, 9.11976229461, 0.562889194524, 0.0617219151487, -1428.63929141, 1.31033185707, 46.7980872774, 1
85.9063525774, 0.754689349163, 0.00878502376741, 0.0716354309199, 3.14159265359, 26.962155063, 61.5495465046, 1.27383820193, 0.0206961427707, 1.95460700938, 0.164343950879, 0.0840803036571, -1838.89480966, 21.5508410886, 6.52895173765, 1
2.43731795139, 0.137713000883, 0.0565018613203, 0.148338797663, 3.14159265359, 349.601017588, 1.74656050911, 0.14604274686, 0.0836173416824, 0.696040539449, 0.0674254661857, 0.096870027483, -1428.07139466, 16.0485274821, 17.2703559538, 1
38.7674707675, 0.990960623219, 0.0255616526846, 0.0484408154839, 3.14159265359, 90.121258782, 37.1245565966, 0.924465806029, 0.0249017332671, 1.68946747378, 0.104130708237, 0.0616352252138, -2190.60954887, 0.00351883273384, 41.2542146164, 1
36.1899497948, 0.824616116577, 0.0227857767488, 0.0671670611315, 3.14159265359, 225.188910432, 3.99643911265, 0.180008075878, 0.045042116445, 31.0479476955, 0.759469476252, 0.0244611812574, 830.62007777, -35.7959584162, 21.2831898013, 1
6.33653659601, 0.247600728145, 0.0390750884798, 0.148255558233, 3.14159263869, 355.046514132, 2.2114850268, 0.108816567882, 0.0492052021894, 4.01796350785, 0.423358203637, 0.105366363534, -2456.98987296, 39.2567254035, 199.188442512, 1
33.8137480036, 1.39058231033, 0.0411247611529, 0.0854599478378, 3.14159265359, 242.335714692, 29.5631704275, 1.53717788577, 0.0519963814281, 4.30908769725, 0.146941278493, 0.0341003221137, -2250.5836579, -52.6157035025, 34.3998631867, 1
54.8059954833, 4.04366165106, 0.0737813740158, 0.0466348519125, 3.14159265359, 413.589227933, 52.7845508912, 4.19552084382, 0.0794838787672, 1.66595047679, 0.121706047147, 0.0730550210483, -2088.98096086, 42.9846348104, 17.0961204317, 1
17.929585023, 0.181295173335, 0.0101115097255, 0.0756522726719, 3.14159265359, 21.771687072, 8.12340643803, 0.175953837124, 0.0216601050884, 6.65412055427, 0.360205616994, 0.0541327158197, -2262.79805249, 30.4219839434, -21.956030575, 1
8.82793273118, 0.158376224733, 0.0179403524648, 0.091835167768, 3.14159265359, 157.706466368, 2.467314109, 0.187514433521, 0.075999416871, 6.37017857586, 0.152281543309, 0.0239053805943, -2359.41030709, -25.822033233, 78.1641388431, 1
5.34268739408, 0.260246281743, 0.0487107447145, 0.121860133482, 3.14159263869, 144.377437008, 1.23594592249, 0.0846716399656, 0.0685075604238, 4.11338568829, 0.295589565478, 0.0718604059715, 1367.31482139, 2.937122338, 328.709921445, 1
7.40238242186, 0.393957778619, 0.0532204034009, 0.0175829215997, 3.14159263252, 293.913786559, 3.62324539857, 0.222373510726, 0.0613741235451, 3.77896328002, 0.172657688523, 0.0456891680944, -2157.37815404, 12.6134680918, -34.1680363494, 1
13.2996200657, 0.537277646358, 0.0403979695438, 0.0621377475869, 3.14159265359, 200.25915098, 11.3491052586, 0.536646885994, 0.0472853915585, 1.95270237991, 0.0747694619022, 0.0382902497951, -2246.6172959, -36.1276760194, 14.9686783652, 1
12.6945485866, 0.190998185238, 0.0150456854716, 0.016847055028, 3.14159263869, 106.710006793, 3.67743011079, 0.0978946906507, 0.026620408193, 9.05744804195, 0.102581878845, 0.0113256933266, -265.216385276, -50.5960207612, -60.6106841267, 1
36.4339432676, 1.29437808616, 0.035526708615, 0.0563571353021, 3.14159265359, 173.637127077, 32.8615024342, 1.34749124885, 0.0410051625469, 3.53841747466, 0.0560186412708, 0.0158315522891, -2466.07050053, 3.19573421137, -14.597747174, 1
8.51518408276, 0.577589167169, 0.0678304968578, 0.0385189569133, 3.14159263869, 572.202003919, 3.31434552842, 0.227487788528, 0.0686373181603, 5.20506389249, 0.359775002107, 0.0691201894036, 274.285379571, 12.2827824796, 64.5636447309, 1
24.85195508, 0.340442478143, 0.0136988207586, 0.0388360629259, 3.14159265359, 85.2617955276, 4.08818287289, 0.114092663431, 0.0279079158098, 20.7611523873, 0.371266424665, 0.0178827464747, -2242.74824763, -6.57711036506, 16.6811898775, 1
5.06170919921, 0.528461690985, 0.104403803179, 0.0865692546674, 3.14159263869, 743.887621845, 2.26194445405, 0.291351077675, 0.128805584573, 2.78847111322, 0.27531191325, 0.0987322091823, 454.576599333, -16.6373312517, 56.1629328669, 1
21.3798351194, 1.12564783499, 0.0526499773595, 0.123710527801, 3.14159265359, 257.662679258, 17.695032019, 1.29558319046, 0.0732173408372, 3.63513268795, 0.196125624994, 0.0539528104832, -2477.0285803, 16.6240537192, 5.82756337272, 1
49.1317819728, 0.632596495091, 0.0128755048095, 0.0639781228571, 3.14159265359, 128.150456678, 47.8256996326, 0.58283912386, 0.0121867349216, 1.30677071609, 0.0904084112532, 0.0691846015066, -2468.13244251, 69.4407865855, -11.5624654754, 1
37.0227163219, 1.69372837911, 0.0457483552634, 0.100685113296, 3.14159263252, 153.15489397, 28.8529064218, 1.79346112576, 0.0621587683244, 7.91087938008, 0.336168774124, 0.0424944886621, -2397.82732663, -63.7891934588, 35.1941514834, 1
30.7500671966, 1.32368831671, 0.0430466804592, 0.0380112115409, 3.14159265359, 217.703617177, 27.2063528611, 1.20110029107, 0.044147787732, 1.11966665417, 0.0277268591236, 0.0247634945816, -2315.93126375, 0.696369538631, 8.10627069269, 1
75.6344649606, 2.75350712003, 0.036405455125, 0.0363751669552, 3.14159265359, 181.523516372, 72.4948531687, 2.74784830529, 0.0379040467727, 3.11468681782, 0.00497863792485, 0.00159843933469, -2407.86007506, 37.9115331147, 25.2108672983, 1
17.5900089541, 0.295230106645, 0.0167839656828, 0.10560882129, 3.14159265359, 134.888369175, 10.9934769731, 0.69804040552, 0.0634958718907, 5.30830151384, 0.2681742943, 0.0505197931204, -1865.68160327, -41.9936840126, 157.036557144, 1
13.2957099928, 0.48589766174, 0.0365454467646, 0.0412247491793, 3.14159265359, 411.252704322, 9.63288648602, 0.3838304794, 0.0398458426721, 3.36311707725, 0.137043847366, 0.0407490563717, -831.276776671, -116.003134361, -199.57291151, 1
5.56681748823, 0.368694590359, 0.0662307667062, 0.110337887127, 3.14159265359, 470.160207652, 1.0971253684, 0.159733184834, 0.145592463208, 4.47363167199, 0.231806234432, 0.0518161197498, 1530.5184366, 162.492092634, 62.3312405368, 1
23.538720475, 1.17591834672, 0.0499567658306, 0.08784936033, 3.14159265359, 217.368982194, 19.5323525568, 1.26559726145, 0.0647949220541, 4.01608701072, 0.0981004484193, 0.0244268732618, -2447.22332938, 3.03978071845, 31.7704246896, 1
58.5729313091, 0.932071186962, 0.0159130022372, 0.0354957721436, 3.14159263252, 106.837764014, 45.8168895409, 0.80912941309, 0.0176600686166, 8.86952465691, 0.362081848399, 0.04082314018, -2366.78162453, -0.555973961371, -31.3223680144, 1
75.0535887201, 0.0580400295523, 0.000773314514896, 0.0206170615729, 3.14159265359, 3.01314748438, 60.0561533724, 0.26591201394, 0.00442772303931, 14.9556850801, 0.24329837634, 0.0162679526239, -2459.33509815, 3.78977793498, -2.68483130571, 1
27.168139143, 0.628611189896, 0.023137808099, 0.0638001430383, 3.14159265359, 124.017062641, 9.02671578007, 0.384564443734, 0.0426029192792, 18.2391460275, 0.647412741641, 0.0354957814727, -2057.3078629, -38.063708967, 3.71001581487, 1
26.2558433478, 0.677144521968, 0.0257902407856, 0.103697554537, 3.14159265359, 96.6483173244, 20.863293284, 0.928993359414, 0.0445276470386, 5.417860135, 0.347274332415, 0.0640980615523, -2475.29178842, -20.1815416602, -16.8108752849, 1
16.7786721513, 0.689948535845, 0.0411205683992, 0.0832807327804, 3.14159265359, 213.162230417, 9.50480647677, 0.767575475727, 0.080756560126, 7.93410742777, 0.0772336432132, 0.00973438334637, -2114.21844216, 6.29045047948, 1.20870772805, 1
18.3552732454, 0.42769136379, 0.0233007353294, 0.056581062548, 3.14159265359, 109.030938444, 3.30723967063, 0.190794446503, 0.0576899364741, 12.3669490981, 0.244122408266, 0.0197399056411, -2163.50025644, -17.8792432407, 24.0376543939, 1
61.4705109243, 0.315011373691, 0.00512459338558, 0.0165002028408, 3.14159265359, 58.9288077218, 11.0541235364, 0.14336183653, 0.0129690821763, 50.4168109866, 0.334797462506, 0.00664059181757, -2472.84854515, -12.5908602508, 41.2983881845, 1
60.2933587901, 1.28779817718, 0.0213588727353, 0.0721758766318, 3.14159265359, 93.3767710221, 40.872332178, 1.82076867924, 0.0445477070236, 19.4360943136, 0.538169869833, 0.0276891983106, -2470.82262891, -8.40990978659, -41.75397272, 1
18.39136169, 0.202115057017, 0.0109896733273, 0.104056439672, 3.14159265359, 96.0136879122, 13.5545047493, 0.375337255062, 0.0276909604595, 4.86010931773, 0.37091474473, 0.0763181896707, -1956.97764932, -57.3862711685, -104.682319302, 1
42.6734643908, 0.753340560173, 0.0176536067771, 0.045254631214, 3.14159265359, 117.299779209, 37.1674927357, 0.867837149406, 0.0233493594948, 5.54264348701, 0.127447260681, 0.0229939488225, -2417.97347511, 4.01570062039, 64.7570469824, 1
4.6702639511, 0.0992861293897, 0.0212592115626, 0.188678174058, 3.14159265359, 31.8476866354, 4.17730361407, 0.0750193636699, 0.017958800844, 1.36965874216, 0.261297916378, 0.190775927124, -390.819512732, 72.5922948819, -94.3069145141, 1
31.5567243571, 1.01224128808, 0.0320768808774, 0.121143094347, 3.14159265359, 150.751762346, 28.781340687, 1.21926181903, 0.0423629264631, 2.78738729422, 0.224089499255, 0.0803941022906, -2462.23153058, 66.0304741866, -0.21258673194, 1
35.0734097363, 1.1473675616, 0.0327133167327, 0.0405169810892, 3.14159263252, 148.427122375, 30.2851785736, 1.14572167431, 0.0378311018219, 4.78886429102, 0.068374137783, 0.0142777355189, -2466.11975895, 6.03919384945, -6.2528719059, 1
17.1035704195, 1.23689586048, 0.0723179915155, 0.106172429224, 3.14159265359, 493.803579837, 16.1327153204, 1.24677116538, 0.0772821648815, 0.967278044859, 0.033122009424, 0.0342424906675, 853.238966447, 9.84716141119, -95.51699387, 1
20.3480738959, 1.62434158727, 0.0798277810267, 0.0458206469762, 3.14159263869, 333.827005471, 7.61313293677, 0.349332084526, 0.0458854570684, 12.7493295165, 1.0757003038, 0.0843730882007, -2259.92631434, -76.1159365004, 35.4330986909, 1
21.9490261087, 1.24089783952, 0.056535439585, 0.0904637430994, 3.14159265359, 291.520540193, 16.7274037605, 1.27393146607, 0.0761583497538, 5.17704085989, 0.166507523417, 0.0321626828769, -2463.08923149, -36.4036074835, 9.86253224953, 1
5.53035181784, 0.255555882937, 0.0462096972046, 0.388199410651, 3.14159263869, 585.084902262, 0.561755658945, 0.0824487475827, 0.146769767727, 0.516566955116, 0.137096018791, 0.265398352397, 1009.46736189, -145.813861728, -211.563998358, 1
12.0345458001, 0.595302186987, 0.0494661117152, 0.0360475426736, 3.14159263869, 201.717555071, 9.38695962831, 0.460033620319, 0.0490077339772, 2.64196242898, 0.157515573558, 0.0596206712973, -2333.43734359, -65.5715758321, 150.615986646, 1
