Mother Total Momentum (GeV/c), Mother Transverse Momentum (GeV/c), Mother Fraction of Transverse Momentum, Opening Angle (rad), Decay Angle (rad), Impact Parameter (cm), Daughter1 Total Momentum (GeV/c), Daughter1 Transverse Momentum (GeV/c), Daughter1 Fraction of Transverse Momentum, Daughter2 Total Momentum (GeV/c), Daughter2 Transverse Momentum (GeV/c), Daughter2 Fraction of Transverse Momentum, Decay Z (cm), Decay X (cm), Decay Y (cm), Event typetipo de decaimento71.7588602474, 3.04532147121, 0.0424382642187, 0.0254214099321, 3.14159265359, 197.69164174, 21.055060798, 0.920343655135, 0.0437112798659, 50.5303082891, 2.22865914581, 0.0441053937976, -2461.63989568, -12.4433616986, -14.5993249773, 4, 1
8.10810180078, 0.336904432591, 0.0415515790093, 0.0472157965785, 3.14159265359, 177.676786457, 4.68497913743, 0.141849046721, 0.0302774126758, 3.44475457966, 0.10186475141, 0.0295709749574, -2259.58043257, -0.910804849478, -31.6018795195, 4, 1
10.3113896832, 0.461477561866, 0.044754157882, 0.0121785886442, 3.14159265359, 250.933798619, 5.08168898942, 0.218030352728, 0.042905095763, 3.97241768683, 0.190812493897, 0.0480343480823, -1867.65327555, 12.4455468338, -17.5694352716, 4, 1
11.9554435763, 0.173070799242, 0.0144763176822, 0.033837439603, 3.14159265359, 131.524170516, 2.37332835172, 0.0945075305475, 0.0398206722971, 9.58082214999, 0.0935441027802, 0.00976368220971, -2433.61777065, -21.843812926, 195.886437834, 4, 1
4.77172793561, 0.156882406525, 0.0328774835116, 0.175034252158, 3.14159263252, 212.06992959, 1.51643065841, 0.22677727085, 0.149546746231, 3.27137304303, 0.168812721937, 0.0516030179734, 1565.04691344, -90.2612370733, -95.8796210498, 4, 1
21.9156576733, 1.1124042288, 0.0507584232871, 0.0194381657423, 3.14159265359, 253.191247249, 8.11463005792, 0.410106102209, 0.0505391002772, 13.8007106871, 0.72194078118, 0.0523118553493, -2475.61043588, 10.9348805124, 10.967811276, 4, 1
21.9190048403, 0.323756531024, 0.0147705853155, 0.17025679907, 3.14159265359, 82.8472317208, 1.90673542958, 0.300947768297, 0.157834046417, 19.7726535895, 0.346332526538, 0.0175157332814, 1568.19863355, -54.2037708402, 46.4295345196, 4, 1
65.6355716459, 1.0726688419, 0.016342797282, 0.0446992958734, 3.14159265359, 75.5934567193, 3.97228046344, 0.125160005247, 0.0315083505302, 61.579318154, 1.13797155228, 0.0184797686365, -2415.58515423, 19.9373889416, 12.0405622751, 4, 1
32.4927127599, 1.65508636712, 0.0509371556432, 0.0263814627498, 3.14159263869, 258.394473548, 21.9239150434, 1.0021279119, 0.0457093502651, 10.5706168892, 0.677708124669, 0.0641124479086, -2254.53709309, -32.8153918652, 51.5352254879, 4, 1
6.12866404367, 0.237828005308, 0.0388058479977, 0.0286582056645, 3.14159265359, 138.722727809, 2.70395640818, 0.100972398499, 0.037342465357, 3.42599927257, 0.151568399305, 0.0442406396633, -2282.52189443, 12.7880913008, 195.536292246, 4, 1
27.0942597344, 1.13725785078, 0.0419741252182, 0.013923828057, 3.14159265359, 197.265490127, 15.3734758813, 0.645403976982, 0.0419816560657, 10.0692744004, 0.418386687536, 0.0415508278849, -2465.42275098, -12.9044817223, -9.1679182382, 4, 1
20.7374306573, 0.869272198654, 0.0419180279862, 0.0227312635409, 3.14159265359, 169.156024552, 16.6750208736, 0.72419036675, 0.0434296527867, 4.00124808937, 0.163163424939, 0.0407781325463, -2474.81434117, 53.5637690206, -38.3534936441, 4, 1
22.6869292624, 0.595846379007, 0.0262638619848, 0.0365687746622, 3.14159265359, 125.865090333, 13.9483469651, 0.562677597878, 0.0403400918607, 8.74127657836, 0.034008072179, 0.00389051551843, -2295.70353413, -9.1518526487, -22.9306450728, 4, 1
11.616690061, 0.367865414172, 0.0316669733152, 0.0740227393287, 3.14159265359, 157.681137412, 1.42845361559, 0.0654186473871, 0.0457968299938, 10.1910906608, 0.402152932391, 0.0394612260628, -2413.39181409, -3.65188312791, 4.47790002004, 4, 1
10.8941675246, 0.334627872402, 0.030716240745, 0.056523164415, 3.14159265359, 149.752842245, 6.13674526492, 0.0391616299528, 0.00638149837776, 4.77698199552, 0.298116093742, 0.0624067861302, -1927.83233295, -2.81371293882, -12.897503571, 4, 1
5.26053935188, 0.471206092793, 0.0895737226308, 0.0644137188777, 3.14159265359, 820.486034663, 1.77662060676, 0.209329589271, 0.117824587014, 3.48663093238, 0.322153616686, 0.0923968217268, 216.388289275, -156.882273838, -88.7286423016, 4, 1
4.13667214579, 0.13741325653, 0.0332183097154, 0.0379674030674, 3.14159265359, 187.14254359, 1.62275258232, 0.0366502694182, 0.0225852479407, 2.51498870784, 0.11358870432, 0.0451646975455, -622.187448734, -32.0654009764, 28.1006184296, 4, 1
5.28943965847, 0.281991601892, 0.0533121880765, 0.0768973079169, 3.14159265359, 207.86862131, 2.93351809829, 0.249613625185, 0.0850901943746, 2.35967727219, 0.0594179472173, 0.025180539694, 2097.91229903, 122.506570072, -262.881353999, 4, 1
12.8146605332, 0.472571835874, 0.0368774369521, 0.140984253095, 3.14159265359, 165.503868342, 9.11306211404, 0.645940678701, 0.0708807501384, 3.68562976735, 0.296585899649, 0.0804708878455, -2460.28065766, 9.75274000481, -21.5983158591, 4, 1
28.1802162579, 0.670432563499, 0.0237908949088, 0.0490119331098, 3.14159263869, 91.8616931883, 11.9195522739, 0.368196175417, 0.0308901011511, 16.2705396612, 0.58587759872, 0.0360084920919, -2457.24751322, -40.0333130534, -10.7314699296, 4, 1
20.9068214511, 1.43713566621, 0.0687400363357, 0.20409630478, 3.14159265359, 314.07704243, 1.57702073464, 0.216838333573, 0.137498720727, 19.6077956528, 1.50150603521, 0.0765769932424, 1833.95685137, -135.074713271, -302.410201081, 4, 1
14.6621714082, 0.736955119841, 0.0502623451413, 0.247431615412, 3.14159265359, 422.88877833, 2.90208139695, 0.672293234929, 0.231658986421, 11.7945386351, 0.535759004172, 0.0454243290687, 1757.02681015, 169.387771415, 28.9321207716, 4, 1
10.3568352296, 0.410102656851, 0.0395972947103, 0.00577049403933, 3.14159265359, 144.356389002, 8.1773991956, 0.328433015151, 0.0401635052044, 2.17663755795, 0.0833759867867, 0.0383049472256, -2076.10229841, -57.1734022704, -18.4422203577, 4, 1
20.4225593865, 0.287630352532, 0.0140839523142, 0.0993085100225, 3.14159265359, 104.230267117, 11.7592275441, 0.403264562595, 0.0342934568689, 8.6899557845, 0.580183910376, 0.0667648863543, -2461.00412726, 5.74611096602, 39.1119897663, 4, 1
17.7970670037, 0.730706819638, 0.0410577102108, 0.0457027450143, 3.14159265359, 490.298218318, 11.1955860488, 0.462319675428, 0.0412948168514, 3.62132144173, 0.221860158251, 0.0612649724198, 1316.59884387, -29.807198304, -144.814946849, 4, 1
26.7950813434, 0.754314034068, 0.0281512126946, 0.068083138354, 3.14159265359, 113.363975864, 21.174073206, 0.486176650681, 0.0229609412394, 5.47106614034, 0.41053330782, 0.075037167764, -2475.39337117, -50.2341799974, -4.47434507158, 4, 1
3.99689864027, 0.0256955601702, 0.00642887460576, 0.0988960853378, 3.14159265359, 69.4952529833, 2.48804729911, 0.106551985911, 0.0428255467448, 1.51362021932, 0.0851958871762, 0.056286171451, -2446.23981501, -36.1301174828, -19.658802794, 4, 1
21.2566517533, 1.21995368247, 0.0573916201209, 0.0390887244979, 3.14159265359, 339.044040915, 9.47679246118, 0.521382535102, 0.0550167725248, 11.7986751899, 0.76354623006, 0.0647145732697, -2447.06200921, 22.6261678333, 60.694792364, 4, 1
8.1520458227, 0.39989282448, 0.0490542905643, 0.0673842243918, 3.14159265359, 212.218593368, 0.780858785425, 0.0163802678884, 0.0209772473514, 7.37402816318, 0.406962713056, 0.055188657278, -2339.90098655, -29.3261520855, -13.7165778474, 4, 1
4.25293788632, 0.19430216002, 0.0456865736613, 0.110924014231, 3.14159265359, 267.942755156, 3.76632585434, 0.0732791734821, 0.0194564082653, 0.446500540313, 0.0520889843914, 0.11666051816, 2395.17586595, -171.285715102, 39.733242571, 4, 1
24.4566527824, 0.896251474172, 0.036646530584, 0.0265680511559, 3.14159265359, 247.298711689, 7.14342736602, 0.350430860576, 0.049056404247, 17.1193281395, 0.599518101158, 0.0350199550049, -1177.36516959, 17.9778295382, 19.0631052372, 4, 1
3.92379702631, 0.210801511413, 0.0537238572738, 0.0579347547962, 3.14159265359, 360.316659091, 1.91199462606, 0.117953867958, 0.0616915269272, 2.01281047762, 0.121989864386, 0.0606067316036, -2443.80496855, 5.7755733276, -105.388250618, 4, 1
18.6775437346, 1.29651451864, 0.0694156864019, 0.047256235751, 3.14159263869, 371.751815128, 15.0932590461, 1.17850500714, 0.07808154644, 3.58812908567, 0.126122828742, 0.0351500254675, -2426.8593229, -37.6309641485, -34.4227965001, 4, 1
86.5479951945, 6.02659592863, 0.0696329928277, 0.0201121891232, 3.14159263252, 492.116573168, 46.0269684209, 3.28864640298, 0.071450423867, 14.8209806667, 1.04116809294, 0.0702496087369, -1423.93066199, -4.36631728225, -88.3545833714, 4, 1
18.5988959048, 0.704822082321, 0.0378959098394, 0.154564488776, 3.14159265359, 245.13878686, 16.5453981475, 0.769074656153, 0.046482692607, 1.87924668706, 0.21899868608, 0.116535358337, 2159.89042865, 139.262720415, 46.431058363, 4, 1
51.8689271402, 1.19300347049, 0.0230003498486, 0.0670350367823, 3.14159265359, 101.728067495, 44.6962748725, 0.780841924995, 0.0174699553201, 6.80567881522, 0.521792813203, 0.0766702084201, -2018.86934769, 10.1979149421, 19.5093800402, 4, 1
15.036766271, 0.748388322155, 0.0497705629433, 0.0563362520907, 3.14159265359, 223.915091718, 6.80568000446, 0.521792904382, 0.0766702084201, 8.21401143282, 0.279574477646, 0.0340362902989, -2422.68993445, 3.52459105135, 17.4657521955, 4, 1
11.9555386566, 0.0458484612146, 0.0038349138865, 0.101332483131, 3.14159265359, 65.7560653514, 9.72460817247, 0.145166614409, 0.0149277597446, 2.18684227869, 0.188780815524, 0.0863257571721, 109.621908742, 60.8483578901, 40.0081930192, 4, 1
21.9866383719, 0.362170484423, 0.0164722991435, 0.0132693232177, 3.14159265359, 47.3729022499, 12.4684886124, 0.263096068927, 0.0211008789522, 9.51921999187, 0.114007226718, 0.0119765303056, 1836.54998252, 5.47708064974, -108.146835313, 4, 1
21.8088038434, 1.00604705704, 0.0461303180249, 0.0442428394209, 3.14159263869, 264.89434628, 6.26018407785, 0.194255859636, 0.0310303750209, 15.55040059, 0.873935822982, 0.0562002128449, -2437.88243142, 14.7007449722, 44.8384381642, 4, 1
21.9462385246, 0.672263821533, 0.0306323026964, 0.0487766102228, 3.14159265359, 145.21692007, 16.5179098019, 0.612231092666, 0.0370646831232, 5.43322104626, 0.203374486016, 0.0374316605719, -2475.42842682, 9.63197387298, 70.2866520176, 4, 1
35.5171294958, 0.646650523174, 0.0182067225689, 0.0200002074846, 3.14159265359, 58.2577937401, 26.5573927595, 0.789514323261, 0.0297286081661, 8.96167571245, 0.22387227213, 0.0249810726602, -1939.79367787, 28.0650346912, -32.0481410629, 4, 1
13.9261396815, 0.916921120283, 0.0658417293846, 0.0609037749985, 3.14159265359, 400.743113433, 11.1039941399, 0.604285254862, 0.0544205307792, 2.83718285433, 0.186063685815, 0.0655804350191, 1355.49861437, -64.5748948698, -166.195771104, 4, 1
12.9513386569, 0.484433973271, 0.0374041623111, 0.108513865066, 3.14159265359, 143.050501959, 9.24047810244, 0.60429711154, 0.0653967364935, 3.68925672797, 0.194130115016, 0.0526203865252, -2465.29380405, -12.958327381, -32.6822693979, 4, 1
5.37942248567, 0.0960731634155, 0.0178593824284, 0.146821288403, 3.14159265359, 165.992009863, 1.55086588903, 0.187734107946, 0.121051155535, 3.80712954916, 0.130499977572, 0.0342777874739, 939.458405385, -64.9226217576, 22.5290936032, 4, 1
11.5215893301, 0.686451663047, 0.0595795982117, 0.122752736896, 3.14159263869, 414.3916697, 8.55726633236, 0.627534806222, 0.0733335602573, 2.97869639758, 0.289614244727, 0.0972285208259, -1788.63271781, -94.2528386655, -3.62319579905, 4, 1
79.1155180539, 0.903008976306, 0.0114138034929, 0.0186088888638, 3.14159263252, 46.5096094, 43.0737152697, 0.843022099965, 0.0195716133305, 35.961629482, 0.141171017506, 0.00392560124609, -2472.98910814, 4.51840439217, -9.4006602578, 4, 1
33.6202615628, 1.05646606288, 0.0314234932678, 0.0366257624737, 3.14159265359, 148.019599797, 16.0027104333, 0.72059985151, 0.0450298625669, 17.6223190061, 0.459577214837, 0.0260792699688, -2476.02460949, -17.1276037365, 1.06391444106, 4, 1
29.1560202684, 1.15881214101, 0.0397452097488, 0.0450206273563, 3.14159265359, 144.715693581, 17.2860978856, 0.616515119872, 0.0356653724832, 11.8224537336, 0.671629934754, 0.0568096902629, -2464.44751639, -11.0522900277, 46.1816090074, 4, 1
27.5308914144, 0.93935895569, 0.0341201794577, 0.0159312712142, 3.14159265359, 125.385486672, 23.4387034019, 0.803673359458, 0.0342883027988, 4.09526077296, 0.148716065627, 0.0363141870254, -2450.41472504, 0.383072979044, 51.1367476277, 4, 1
11.2791929863, 0.104027627007, 0.00922296720462, 0.205389844772, 3.14159265359, 112.382179931, 10.175174813, 0.209362782168, 0.0205758413014, 1.12230222174, 0.206464496184, 0.183965149659, 1905.59404407, 54.7981564609, 71.0535397852, 4, 1
13.1969536757, 0.308994451684, 0.0234140741324, 0.0742317704761, 3.14159263869, 93.5018699202, 6.88049082362, 0.309484577435, 0.0449800145612, 6.32472025051, 0.269297878902, 0.0425786229644, -2455.5309429, 10.7179727216, -61.2079488745, 4, 1
21.3958841594, 0.82407285702, 0.0385154850757, 0.0233227471762, 3.14159265359, 170.006216295, 3.03009544307, 0.132999902364, 0.0438929746151, 18.3079911065, 0.707492299151, 0.0386439066435, -2458.99206634, -9.74337047421, -198.613874915, 4, 1
100.705648613, 0.766472234639, 0.00761101532235, 0.00822481778197, 3.14159265359, 19.593944237, 69.1079958032, 0.662267855421, 0.00958308583144, 31.616575664, 0.173728216596, 0.00549484607197, -2403.90133111, -1.19016108657, 18.9784492474, 4, 1
9.56055571828, 0.177037540947, 0.0185174948155, 0.17656118029, 3.14159263869, 50.3616003506, 1.00017983181, 0.155151286707, 0.155123390587, 8.55073060985, 0.21303198834, 0.0249138930999, 2448.05355548, -20.6472251915, -152.134629843, 4, 1
69.2934116315, 1.08194412288, 0.0156139537281, 0.0342668780719, 3.14159265359, 53.4720098064, 68.5429577942, 1.05710973129, 0.0154225870215, 0.749792298785, 0.0333460039804, 0.0444736549501, -2414.53626046, -13.2258283137, 22.7481769781, 4, 1
15.9015886778, 0.977751610699, 0.0614876683401, 0.0382963899539, 3.14159265359, 288.121601551, 8.0467443202, 0.645942125899, 0.08027372316, 7.79441225593, 0.328028295675, 0.0420850584886, -2473.46249868, -13.3192152084, 10.1179123589, 4, 1
5.62975081746, 0.143582933563, 0.0255043141728, 0.00836800517394, 3.14159263252, 61.5276702307, 1.96903126835, 0.0512049200212, 0.0260051330033, 3.66181385622, 0.0947286272004, 0.0258693180265, -142.946945565, 58.0513829775, 106.067621119, 4, 1
38.0984624039, 0.968301202343, 0.0254157554202, 0.0346176332458, 3.14159265359, 110.208675134, 7.04031310748, 0.357919449245, 0.0508385697881, 31.3770918678, 0.630440403502, 0.0200923784192, -2297.49763762, -20.8562222024, -5.8474777551, 4, 1
13.3864478069, 0.120744894656, 0.00901993541506, 0.0638437110218, 3.14159265359, 55.0497292077, 10.531979132, 0.103329639784, 0.00981103726934, 2.85910311887, 0.162511436563, 0.0568400053468, -2429.89442842, -17.5698966892, -4.48192509331, 4, 1
35.8598120128, 1.54115199181, 0.042977135275, 0.0104066074525, 3.14159265359, 192.064901997, 5.45921064798, 0.23059290817, 0.0422392398901, 30.4051184764, 1.336872779, 0.0439686752097, -2443.53683994, 1.95503226466, -14.1788819505, 4, 1
17.2018273848, 0.641439418363, 0.0372890277302, 0.0560485542779, 3.14159265359, 179.840667828, 15.7801066029, 0.64856601382, 0.0411002301912, 1.44172904508, 0.0396830362642, 0.0275246145588, -2437.37646516, -1.02947096771, 1.49927708922, 4, 1
10.9109725706, 0.139613774517, 0.0127957222523, 0.022812570737, 3.14159265359, 40.211368125, 3.70366526687, 0.0686403779688, 0.018533094387, 7.20794425717, 0.113505575521, 0.0157472881964, 452.027014197, -119.305890663, -56.1255546432, 4, 1
14.8482869891, 0.296573178898, 0.0199735618739, 0.0238685063082, 3.14159265359, 21.503830278, 7.2079443087, 0.113505576333, 0.0157472881964, 7.64100634905, 0.218559069984, 0.028603440437, 434.667082948, -119.897678706, -56.0715359522, 4, 1
39.0811253174, 0.491571485104, 0.0125782326152, 0.0217247794576, 3.14159265359, 79.3201792509, 15.5084936775, 0.212234475793, 0.0136850477039, 23.5667112521, 0.425691728298, 0.0180632640569, -2081.43819848, 20.2758273088, 2.79294752113, 4, 1
58.6763112191, 1.03839526691, 0.0176970100086, 0.022516127391, 3.14159265359, 99.9425545042, 23.5667121678, 0.42569174484, 0.0180632640569, 35.1334329606, 0.792444968485, 0.0225552956745, -2353.86245914, 25.2127019996, 1.11672269843, 4, 1
13.2358359645, 0.781115494997, 0.0590151991225, 0.0654895530774, 3.14159265359, 306.705608421, 2.30685513514, 0.119402071389, 0.0517596747058, 10.9351014008, 0.702808905813, 0.0642709088879, -2472.78247733, 18.0133017366, -25.8021389861, 4, 1
9.70857505269, 0.366275255946, 0.0377269840279, 0.0659780726441, 3.14159263869, 178.682127317, 8.15417762818, 0.384493737762, 0.0471529754801, 1.55751779313, 0.0464285819758, 0.0298093429049, -2391.28988403, -13.3894637837, 7.59305698685, 4, 1
2.46855101636, 0.329844052689, 0.133618487324, 0.169489297459, 3.14159265359, 1502.28886926, 1.79557513424, 0.252743876652, 0.140759287558, 1.55645659909, 0.173769080418, 0.111644025615, 2408.11961404, 235.694913896, 152.386167066, 4, 1
6.20388657011, 0.296389507387, 0.0477748108443, 0.0264136011749, 3.14159265359, 218.508982221, 2.52261746734, 0.106719111008, 0.0423049124132, 3.67815780697, 0.198401840214, 0.0539405459545, -1907.02712009, -11.1393378938, 40.7983300091, 4, 1
48.5030157749, 1.29014886843, 0.0265993536241, 0.0182020194526, 3.14159263869, 131.247345917, 37.9233177165, 1.15991791437, 0.0305858765586, 10.582448428, 0.132113193005, 0.012484180188, -2194.7043783, -12.564377292, 7.00475815004, 4, 1
29.9536690021, 0.733565548473, 0.0244900064971, 0.0189085450177, 3.14159263252, 112.614726381, 14.0105563225, 0.252329452977, 0.0180099524365, 15.9419312602, 0.50641981405, 0.0317665285206, -2415.0639461, -9.90995291984, 45.8060165669, 4, 1
14.9569859191, 0.445504851276, 0.0297857371589, 0.0561415952828, 3.14159265359, 167.495383839, 5.6147077189, 0.24502054931, 0.0436390568444, 9.34768264957, 0.356878382663, 0.0381782732728, -2450.66818223, -5.97200905538, 36.635765111, 4, 1
14.5469575752, 0.575469401257, 0.0395594335299, 0.0737292261138, 3.14159263869, 224.148087747, 5.15977213868, 0.385504623968, 0.0747134977296, 6.98858038819, 0.265380733393, 0.0379734822599, -2292.07807807, 18.8983109728, -22.9739871939, 4, 1
6.36131854818, 0.381146742208, 0.0599163112681, 0.0998863245502, 3.14159265359, 297.664152909, 0.905757246431, 0.0398213631945, 0.0439647194117, 5.45944061611, 0.396958998523, 0.0727105625714, -2367.72341783, 0.96084187146, 7.12504915044, 4, 1
3.83566852521, 0.0526478345112, 0.0137258561748, 0.0410879086075, 3.14159265359, 150.657215742, 1.06299690151, 0.0448840107297, 0.0422240278086, 2.77336847634, 0.0185979077965, 0.00670589139351, 993.909411474, 4.54604633746, -37.5278916781, 4, 1
20.7736179435, 0.357715841664, 0.017219717944, 0.0422857704521, 3.14159263869, 77.2730547733, 4.77391307211, 0.10922628664, 0.0228798231115, 16.0062558315, 0.398258231513, 0.0248814110998, -2449.21306021, 17.1953075122, -0.379898974703, 4, 1
73.5737112767, 2.47268778283, 0.0336083057375, 0.0452456542227, 3.14159263252, 128.821079651, 46.276547283, 1.75548163299, 0.0379345853582, 27.2807792658, 1.18642222207, 0.0434893083704, -2475.58141093, 4.95669618468, -38.3460028529, 4, 1
47.9927066087, 1.27398358096, 0.026545358055, 0.173067945454, 3.14159263252, 111.351349137, 46.5658025768, 1.44986140089, 0.0311357545808, 1.34294433464, 0.191268765079, 0.142424939103, 693.080842334, 94.6031083714, -30.4200115128, 4, 1
7.36420274271, 0.171241393968, 0.0232532155823, 0.128376210013, 3.14159265359, 115.515238602, 4.75998236118, 0.318208428686, 0.0668507579527, 2.50352597012, 0.154237363566, 0.0616080541631, 292.703509807, 76.5853618362, 2.06752919042, 4, 1
15.5282395621, 0.440974464327, 0.0283982265061, 0.0251854312709, 3.14159265359, 186.493409184, 13.1971417422, 0.380684358764, 0.0288459703018, 1.29496643441, 0.00476810235539, 0.00368202775661, -1894.5329262, 57.8693329535, 32.6040586907, 4, 1
16.6860845415, 0.55024448285, 0.0329762492502, 0.0526967434173, 3.14159265359, 167.352694803, 12.3842617053, 0.253550955719, 0.0204736432217, 4.30236782694, 0.306249050715, 0.0711815128398, -2447.18986182, 8.92225852453, -8.9332523388, 4, 1
17.4523655295, 0.840564632911, 0.0481633639571, 0.106995871924, 3.14159263252, 314.888839424, 8.87717161401, 0.595000453867, 0.0670259041661, 6.13689670099, 0.259446231456, 0.0422764540609, -272.456827902, -1.2833786829, 29.389941772, 4, 1
1.77603948207, 0.0971913141831, 0.0547236225119, 0.0729469046912, 3.14159263869, 333.536755837, 0.57715204773, 0.0156376643973, 0.0270945316036, 1.20051692712, 0.0914167828588, 0.076147849975, -1581.71520097, 31.4289334799, -6.85231541247, 4, 1
5.73439634663, 0.33749960109, 0.0588552971732, 0.131454911619, 3.14159263869, 760.158601964, 5.07861136348, 0.246961701011, 0.0486278006596, 0.658848733984, 0.101432574153, 0.153954267377, 2287.85741767, 234.628847483, 274.685136776, 4, 1
30.6596739788, 0.76337196123, 0.0248982413106, 0.00722921043805, 3.14159265359, 107.285074789, 23.4919814614, 0.603166188836, 0.0256754071524, 7.16990560072, 0.16531478974, 0.023056759593, -2436.43591809, -44.890457504, 61.6312154908, 4, 1
12.3063971775, 0.341757191711, 0.027770694118, 0.0354040668989, 3.14159265359, 96.9562328189, 7.85218333619, 0.25317423295, 0.0322425269649, 4.45657644493, 0.147936732159, 0.0331951519259, -2451.87922852, 12.2670615049, 33.9497254166, 4, 1
34.4089170373, 0.22462854117, 0.00652820723555, 0.0233447893953, 3.14159263252, 35.7073515588, 18.1373235951, 0.311175605313, 0.0171566440705, 16.2134284848, 0.113288923576, 0.0069873514835, -2465.52550234, 53.991179913, 39.2576033542, 4, 1
10.8255086644, 0.795798898575, 0.0735114555115, 0.00244815486772, 3.14159265359, 332.250548847, 7.48175846815, 0.549586820206, 0.0734569048902, 3.34233014985, 0.246929337765, 0.0738793975144, 1319.71120831, 37.4812373298, -297.235722586, 4, 1
12.7045877391, 0.525505713774, 0.041363460552, 0.0435192006741, 3.14159263869, 195.771061707, 2.2331144753, 0.0122532620665, 0.0054870729656, 10.4762176716, 0.513141138955, 0.0489815270204, -2420.35948351, 3.26940803402, -3.16367014963, 4, 1
9.28462274227, 0.367405574222, 0.0395714057987, 0.0626479174932, 3.14159263869, 224.264744593, 6.56542867357, 0.308192569802, 0.046941728427, 2.72316009345, 0.143893397673, 0.0528405942855, -2459.86144829, -3.06880265302, 36.8540857433, 4, 1
11.5680055408, 0.341252839135, 0.0294997126281, 0.0718806860406, 3.14159265359, 224.681459223, 5.08045672119, 0.350163199993, 0.0689235671534, 6.49457431845, 0.0639541816859, 0.00984732463592, -2427.37888388, -2.5331611993, 84.2395013451, 4, 1
22.6185168342, 1.19703632147, 0.0529228476936, 0.139727499732, 3.14159265359, 310.564748478, 19.9105843297, 1.27468928314, 0.0640206867881, 1.96551594094, 0.157127981668, 0.0799423593546, 1619.76363264, -10.4106633714, 162.248702875, 4, 1
30.2008348809, 1.08502117843, 0.0359268603902, 0.125287496709, 3.14159265359, 167.191166947, 22.8446886532, 1.0062961592, 0.044049458256, 7.42439115968, 0.656807463451, 0.0884661717473, -1099.40740847, 64.9490716915, -61.0549794181, 4, 1
15.2606818521, 0.198290665167, 0.0129935652344, 0.0535641760592, 3.14159265359, 79.5157239895, 7.36127824839, 0.13391961372, 0.0181924401172, 7.906737592, 0.295838063836, 0.0374159456279, -2433.70331739, -9.20091903748, -26.7041628518, 4, 1
10.7172573564, 0.333511336264, 0.0311190937358, 0.0570830705809, 3.14159265359, 104.368476323, 9.10705919452, 0.346861905311, 0.0380871473329, 1.61158568806, 0.054732322945, 0.0339617827029, -676.332234073, 60.1992655696, 81.4028838031, 4, 1
10.9832442184, 0.148804066927, 0.0135482799043, 0.0649130752863, 3.14159265359, 116.295246938, 8.50322162197, 0.225677378881, 0.0265402207439, 2.52984730423, 0.0974171935384, 0.0385071436428, 1129.51447279, -4.48126924469, -25.3426031121, 4, 1
10.3336110553, 0.601581335128, 0.0582159839293, 0.11749854819, 3.14159263252, 393.902732272, 2.97739876439, 0.0806693869835, 0.0270939143081, 7.37334284741, 0.676076394381, 0.0916919785737, -154.89068471, -7.67809571913, -18.1752191899, 4, 1
31.3522249469, 0.941917258559, 0.0300430754166, 0.0454166820721, 3.14159265359, 192.851942946, 28.9879746688, 0.944392862467, 0.0325787804515, 1.99616159039, 0.0301323203395, 0.0150951308174, -2430.50835122, 32.1156027369, -87.4671338051, 4, 1
99.6714093679, 2.26606131168, 0.022735319246, 0.0538026817711, 3.14159263869, 128.434961618, 93.4365971216, 2.44522645516, 0.0261699005581, 6.32338724365, 0.175142095068, 0.0276975121591, -2467.53855181, -15.6116187631, -12.8158029593, 4, 1
17.4987692336, 0.454859863879, 0.0259938203543, 0.0395881162972, 3.14159265359, 122.481750659, 2.3435779594, 0.116339536007, 0.0496418459392, 15.0198051556, 0.353180096108, 0.023514292792, 1777.10277007, -64.8579202854, 91.2702437146, 4, 1
7.71719425832, 0.5089705605, 0.0659527988364, 0.0195894794593, 3.14159263869, 386.77387437, 2.20492187831, 0.118140677356, 0.0535804368027, 5.50398887833, 0.391494986781, 0.071129320105, -1529.6841028, 39.6991540361, 30.9693739155, 4, 1
24.4459222392, 1.41185639909, 0.0577542702327, 0.0431017563946, 3.14159263252, 295.280691571, 11.9125090197, 0.952252439481, 0.0799371851815, 12.4331192091, 0.458984419827, 0.0369162727475, -2141.08296352, -23.7712935748, 15.6709771364, 4, 1
7.68604278151, 0.338188880593, 0.0440003900846, 0.0210118377036, 3.14159263869, 237.532562914, 3.74931699328, 0.1804902552, 0.0481395026145, 3.93741906859, 0.166290706019, 0.0422334283252, -2468.7344459, -15.0719902481, 41.1717907416, 4, 1
13.7398347806, 0.0922859486641, 0.00671667091616, 0.0608788112054, 3.14159263869, 35.5166542878, 5.33554200021, 0.22309140384, 0.0418123226902, 8.40911460943, 0.168711127653, 0.0200628883645, -2438.87531448, 7.71494437811, 1.95113195702, 4, 1
7.68546808087, 0.454856244101, 0.0591839350987, 0.112097947754, 3.14159265359, 697.396092004, 2.63892494177, 0.0759114676689, 0.0287660579001, 5.0478469157, 0.483290347173, 0.0957418787147, -419.982420384, -129.574890424, 265.087581839, 4, 1
6.28685337642, 0.142005106181, 0.0225876281311, 0.120298592914, 3.14159265359, 234.194924247, 4.85884751387, 0.0572779659371, 0.011788385162, 1.42444850206, 0.167121332954, 0.117323534485, 1525.58035587, -16.932220847, 33.0062494894, 4, 1
11.7493007764, 0.32650956406, 0.0277897017257, 0.0697212803525, 3.14159265359, 170.359880165, 6.58281148913, 0.374481079306, 0.056887711265, 5.17670134752, 0.0979861401629, 0.0189282969182, -2107.76985476, -80.0223287373, 0.290360508488, 4, 1
15.1174453174, 0.316901302831, 0.02096262273, 0.0277814776882, 3.14159262778, 87.6228009166, 10.226878515, 0.164134726165, 0.0160493474059, 4.89223202135, 0.179152483985, 0.0366197848351, -2431.7069382, -54.062911662, 3.78600829472, 4, 1
19.2834119495, 1.30854624299, 0.0678586469253, 0.258533632238, 3.14159265359, 367.921779356, 17.6166777816, 0.761238537745, 0.0432112426181, 1.73488156124, 0.488918971987, 0.281816916446, 2354.2218332, -214.13669261, 210.256873465, 4, 1
46.2663428163, 1.27414986341, 0.0275394549439, 0.0186054213409, 3.14159263869, 84.7155524977, 32.5763009042, 0.908092868476, 0.0278758742789, 13.7155123957, 0.424531246779, 0.0309526348365, -2209.93863481, 7.22818890518, 54.7756217181, 4, 1
8.7220403791, 0.439117656044, 0.0503457490402, 0.0878119589031, 3.14159265359, 244.334299471, 3.49106894908, 0.310139827427, 0.0888380699294, 5.27000576348, 0.229709764583, 0.0435881429532, 958.498967335, 95.1116999351, 140.955093029, 4, 1
46.0915837032, 1.61409972801, 0.0350194026398, 0.0360767362684, 3.14159265359, 162.195876401, 35.4453243188, 1.26736542797, 0.0357555037887, 10.6006223519, 0.481468418837, 0.0454188822932, -2460.97151397, 7.88026856462, -10.6657874171, 4, 1
22.4384291747, 1.02920191812, 0.0458678239063, 0.0805511851703, 3.14159265359, 318.789482909, 8.05878412744, 0.76227863373, 0.0945897819914, 14.3487652722, 0.34942105612, 0.024351994718, -2206.13729058, 10.4894193839, -88.747903728, 4, 1
17.8530852155, 1.23815664993, 0.0693525312281, 0.0146170512992, 3.14159263252, 326.162900409, 9.41249702634, 0.631344324414, 0.0670751154181, 8.44028759093, 0.612692211216, 0.0725913903543, -2461.54332441, 22.8335194764, 6.83072025271, 4, 1
23.7077027355, 0.459291351633, 0.0193730854802, 0.0351359986481, 3.14159263252, 67.4050560938, 8.45759059585, 0.0310108320093, 0.00366662723359, 15.2522350528, 0.486241888992, 0.0318800416667, -2454.0887452, -27.9408742778, 25.5473559168, 4, 1
24.4066279553, 0.736930891464, 0.0301938839243, 0.0524456071779, 3.14159265359, 120.309986561, 18.8725656633, 0.347644356143, 0.0184206197687, 5.48055799072, 0.387562339364, 0.0707158541193, -2474.03503373, 52.3652654179, 17.1988303199, 4, 1
12.0781470767, 0.120661352024, 0.00999005486998, 0.0139604967929, 3.14159262379, 70.9945281067, 5.28618687084, 0.0694787565797, 0.0131434544933, 6.79203625722, 0.0770214001603, 0.0113399571562, 662.773533924, -60.0266077573, 5.49199206994, 4, 1
14.209100588, 0.589835938769, 0.0415111382398, 0.0798493105135, 3.14159265359, 188.423556869, 2.12871601624, 0.108012382008, 0.0507406254212, 12.0870372992, 0.607190108781, 0.0502348171642, -2450.7560566, 20.0987612842, -44.2374101721, 4, 1
13.3366941492, 0.4415786198, 0.0331100507263, 0.101496670851, 3.14159263869, 154.967225732, 10.0722767763, 0.576831462556, 0.057269222775, 3.28871597787, 0.151494181597, 0.046064841907, -2410.92151869, 32.0735563806, -21.029359288, 4, 1
1.38611150482, 0.582123428293, 0.419968686697, 0.689376676093, 3.14159265359, 4130.05509359, 0.736732579727, 0.107901775044, 0.146459893336, 0.65799255003, 0.425166555352, 0.646157096053, 2347.29786996, -238.178735396, -45.4887527614, 4, 1
27.9759406061, 1.10451295741, 0.0394808157824, 0.0295830123965, 3.14159265359, 156.699482138, 12.3338227688, 0.305536792054, 0.024772270348, 15.6452934437, 0.811204848355, 0.0518497688313, -2430.98402354, 6.2979439126, 44.290493759, 4, 1
16.2368802443, 0.508925806441, 0.0313438172101, 0.036137940803, 3.14159265359, 152.056431314, 14.8604423145, 0.424424245488, 0.0285606738013, 1.33625240334, 0.0847611551426, 0.0634319945327, -1817.98806548, 37.9411993576, 18.4481233399, 4, 1
9.74334665351, 0.512059071667, 0.052554742213, 0.0323016965241, 3.14159265359, 548.7748999, 8.52552893402, 0.442967705827, 0.0519577974874, 1.22833458011, 0.0668519684079, 0.0544248851173, 2149.19038991, -5.83449615923, 70.9498136708, 4, 1
21.9545835374, 0.499556904824, 0.0227541052634, 0.0488232201903, 3.14159265359, 108.220267452, 19.4268515758, 0.54835304809, 0.0282265526121, 2.48203449478, 0.0543419281977, 0.0218941067547, -2429.90145207, -1.20623386559, 2.5339185315, 4, 1
34.8465142682, 0.657473660043, 0.0188677023757, 0.0985706771461, 3.14159265359, 147.364457538, 31.9078224961, 0.755034180733, 0.0236629804753, 2.86014248896, 0.218376246085, 0.0763515268654, 1923.4863106, -34.5145383399, 24.7639033144, 4, 1
4.24846672165, 0.265159543383, 0.0624129976189, 0.0729323195892, 3.14159265359, 345.874798784, 2.2803454521, 0.214298619536, 0.0939763838584, 1.97156096768, 0.0628831883128, 0.0318951274364, -774.954699116, 6.71986567616, -58.5888446498, 4, 1
8.99330989698, 0.399335499597, 0.0444036182642, 0.151705116453, 3.14159265359, 268.799740874, 5.04491497488, 0.323136672266, 0.0640519560538, 3.97697788499, 0.350631393027, 0.0881652860958, -1044.24174316, 54.3229179286, -72.9345783464, 4, 1
22.5316880744, 1.83002163478, 0.0812199081018, 0.0264026559436, 3.14159265359, 404.226049737, 12.3628467312, 0.970562306415, 0.0785063770115, 10.1744920936, 0.881348830364, 0.0866233736538, -2261.91449492, -10.9453605157, 2.42448179576, 4, 1
15.0734988281, 0.461498529945, 0.0306165499603, 0.0789241158549, 3.14159265359, 68.1626783265, 9.35862474444, 0.321678047169, 0.0343723630291, 5.73546166537, 0.380677485052, 0.0663725968828, -2344.39725293, -5.76483670275, 88.5422102925, 4, 1
2.05630546699, 0.0915367989534, 0.0445151756014, 0.0626292177464, 3.14159265359, 317.484775997, 0.769507987276, 0.038466256038, 0.0499881179585, 1.2877961932, 0.0720005285125, 0.0559098783586, -1932.16963313, -87.5486781994, 4.09031904628, 4, 1
13.4534315717, 1.17683169621, 0.0874744625515, 0.00805636612555, 3.14159265359, 490.195609337, 3.82768152216, 0.335045861139, 0.0875323245152, 9.62528221103, 0.842983435164, 0.0875801266583, -2275.48398365, 9.95591458997, 57.3193065302, 4, 1
6.39340711159, 0.223588126111, 0.0349716703798, 0.191994238714, 3.14159263869, 372.430106044, 4.17203707579, 0.143558194589, 0.0344096162094, 0.524862981387, 0.0848447161636, 0.161651172158, 2484.11836741, 10.5340771812, 113.328068492, 4, 1
16.519140669, 0.614279477085, 0.03718592204, 0.0379054216245, 3.14159265359, 212.32477291, 12.3081104793, 0.571671358608, 0.0464467197927, 4.21395744631, 0.0581112210407, 0.0137901774712, -2416.92542009, -33.195519243, -4.60573321836, 4, 1
7.17584277099, 0.0944094425361, 0.0131565650961, 0.0197347844595, 3.14159265359, 76.5044022285, 3.44116004457, 0.0653784773734, 0.0189989644558, 2.12349899469, 0.0122092990004, 0.00574961374171, -2451.46791905, -13.0608959746, 4.07232851368, 4, 1
11.0270374957, 0.317872335249, 0.0288266304864, 0.0731462486402, 3.14159265359, 168.914084107, 5.19285250082, 0.223896105386, 0.0431162073929, 5.84468449175, 0.288169405299, 0.0493045271657, -2293.32938114, 16.233273777, 21.1494703722, 4, 1
5.9362482599, 0.361839131776, 0.0609541777792, 0.201212691911, 3.14159265359, 707.498040702, 1.04492965335, 0.0734165497746, 0.0702598012599, 0.61772346593, 0.0843776786546, 0.136594582055, 1359.88339865, -106.041545216, 205.465776879, 4, 1
2.83487575028, 0.0884862662983, 0.0312134548717, 0.115033416084, 3.14159265359, 96.4838352594, 1.03772160882, 0.0447695528382, 0.0431421611129, 1.80126839795, 0.130909785178, 0.0726764458465, 1148.2953143, 121.114624944, 115.648624694, 4, 1
17.642893689, 0.229837541717, 0.0130272021001, 0.0955022644996, 3.14159263869, 42.4332891295, 3.51365986726, 0.228897939678, 0.0651451615483, 14.1493078154, 0.431739599081, 0.030513125074, -173.017341244, 55.1881317405, 8.98176389688, 4, 1
11.3246007056, 0.585667188372, 0.0517163654238, 0.165094124129, 3.14159265359, 232.70973145, 10.4684883346, 0.582370932349, 0.0556308526822, 0.866653220809, 0.130017319723, 0.15002231181, 1142.49266616, 79.2969082793, 190.336719739, 4, 1
6.98086649714, 0.0705364303556, 0.0101042514399, 0.110254360664, 3.14159265359, 225.746472908, 4.39660583186, 0.14638403116, 0.0332947816471, 2.5921855046, 0.204949224909, 0.0790642585361, 1775.40347354, 111.969621454, -81.753511552, 4, 1
6.66048616282, 0.194087790722, 0.029140183761, 0.0231255827771, 3.14159265359, 186.477655669, 2.15284698655, 0.0744891934359, 0.034600319438, 4.50784358968, 0.13156094392, 0.0291848954611, -2412.78664704, -45.6240138724, 10.7383953506, 4, 1
26.3781187612, 1.84827182906, 0.0700683716603, 0.0514616129019, 3.14159265359, 674.156664335, 4.35278301277, 0.109676461294, 0.0251968593363, 17.3792404421, 1.33090915954, 0.0765803985493, 911.492884699, -7.92252335028, -110.505679246, 4, 1
13.1598158101, 0.551541750746, 0.041911053977, 0.0322611151939, 3.14159265359, 217.839425758, 11.3291229469, 0.436202796208, 0.0385027859837, 1.83126211365, 0.120327554327, 0.0657074448437, -2113.94262425, 31.6351633876, 14.4581348571, 4, 1
1.38936341733, 0.117295286804, 0.0844237622362, 0.2246856071, 3.14159265359, 972.16177211, 0.624716616371, 0.128467053834, 0.205640526388, 0.760882287154, 0.0139563205667, 0.018342286057, 2319.93373752, -199.203409251, -24.6877316467, 4, 1
34.2594224805, 1.44243681456, 0.0421033604807, 0.0551162170256, 3.14159265359, 145.125675057, 29.4812725674, 1.10790201522, 0.0375798572699, 4.78447120319, 0.388662606715, 0.0812341824643, -2471.1339776, 53.5552467368, -25.0814136471, 4, 1
16.4797413627, 0.829745753023, 0.0503494402466, 0.0293832668345, 3.14159265359, 181.810702779, 10.8468934897, 0.610992780989, 0.0563288264579, 5.58276833758, 0.242546400013, 0.0434455426675, -2443.13453321, 8.18082387446, 58.6990370737, 4, 1
21.8625864276, 0.0758649088632, 0.00347007931173, 0.0325166658772, 3.14159265359, 76.5514088066, 3.45959152469, 0.106187805348, 0.0306937407467, 18.4056339583, 0.0388957952481, 0.00211325485099, -2455.38742617, -12.834974004, -64.224953083, 4, 1
13.6766118948, 0.762609372745, 0.0557601092003, 0.0236151848666, 3.14159265359, 317.172480907, 4.37132173599, 0.247895120775, 0.0567094201129, 9.30436210713, 0.529540790919, 0.0569131752206, -2379.54991935, 20.8308185077, 53.2065195734, 4, 1
80.841542799, 2.52861595356, 0.0312786701739, 0.0225876215242, 3.14159265359, 198.035391453, 69.3394374735, 2.3820531348, 0.0343535110984, 11.3372878065, 0.151700994579, 0.0133807130213, -2456.09598969, -31.6833922182, 42.8875500851, 4, 1
3.77701823112, 0.140119815646, 0.0370979982283, 0.0372674906636, 3.14159265359, 193.288950037, 2.15058940576, 0.0609022416108, 0.0283188606099, 1.62826675564, 0.0857134751009, 0.0526409292604, -537.562014308, 39.1403290477, -60.8790879447, 4, 1
95.6029065083, 0.963575931844, 0.0100789397209, 0.00351342120274, 3.14159265359, 98.3421627768, 62.7367786195, 0.66936270974, 0.010669382848, 31.7429616319, 0.296833617431, 0.00935116328695, 1575.91295116, 14.2858601455, 13.3152591484, 4, 1
29.0639137081, 0.691363210213, 0.0237876845203, 0.0293159581014, 3.14159265359, 103.046685319, 10.7030615675, 0.36372324073, 0.0339831027258, 18.3646049367, 0.426208160349, 0.023208131175, -2328.25266685, -14.2108494099, -7.07468911111, 4, 1
6.58121412312, 0.506904820963, 0.0770229947666, 0.0395317197891, 3.14159265359, 405.167734454, 3.44329929501, 0.323105552504, 0.0938360348091, 3.14239739325, 0.188153765281, 0.0598758660142, 1835.57133681, -41.0166686312, 291.990380512, 4, 1
23.3054243899, 0.0442689094356, 0.00189951097629, 0.0937289570477, 3.14159265359, 28.1040442224, 2.75396374354, 0.22285423619, 0.080921267287, 20.5731704663, 0.262609566165, 0.0127646619463, -2449.92781905, -9.17732551492, 17.4446361874, 4, 1
3.34182744223, 0.163016123271, 0.048780532834, 0.111146240298, 3.14159265359, 253.696826134, 0.932657772604, 0.0817937345852, 0.0876996225066, 2.41809084123, 0.151896635457, 0.0628167614163, 1142.71038776, 16.2563940388, 225.283400803, 4, 1
45.5130050811, 0.647393316461, 0.0142243588466, 0.0556726668965, 3.14159265359, 59.0338711146, 40.0930964477, 0.374537971054, 0.00934170728226, 5.43452262162, 0.333889464677, 0.061438600577, -2401.27817041, 11.1000614904, 26.7736343227, 4, 1
36.4558072822, 0.555689934743, 0.015242837182, 0.0712439028671, 3.14159265359, 36.5073246948, 10.7989734606, 0.375541869625, 0.0347757007642, 26.2739805209, 0.968931393573, 0.0368779824893, -2312.99821406, -52.7776729338, 12.5609079142, 4, 1
9.71501391346, 0.388549813337, 0.0399947768266, 0.0618607938416, 3.14159265359, 180.547152294, 6.36288372082, 0.270511690411, 0.0425140081574, 3.35780959811, 0.200064238545, 0.0595817698114, -2464.51355898, -9.03161603182, 9.96606844877, 4, 1
4.06158306337, 0.375205060639, 0.0923790194083, 0.108403726895, 3.14159265359, 1054.08192142, 0.715130447551, 0.128589934929, 0.179813256965, 3.35047469563, 0.246816539183, 0.0736661403546, 2068.36332042, 224.231757142, 29.3112705657, 4, 1
19.1360862604, 0.191942721165, 0.0100304063513, 0.0502184630686, 3.14159265359, 158.154929918, 3.95010162301, 0.187991212378, 0.0475914875918, 15.0029176388, 0.114548479861, 0.0076350802303, -2061.66227773, 18.4498560479, -201.614532101, 4, 1
26.1673241067, 0.844319664381, 0.0322661828522, 0.098259971966, 3.14159265359, 172.091375267, 20.1373154727, 1.09120623019, 0.0541882671335, 6.0530151313, 0.279375464652, 0.0461547606592, -1946.67991461, 7.61061339899, -4.96372390636, 4, 1
4.85958715513, 0.254554910786, 0.0523820033801, 0.0552070297584, 3.14159265359, 270.044426014, 3.36159092286, 0.224012740418, 0.0666389056724, 1.50063979624, 0.0452979243832, 0.0301857411064, 449.960690023, 32.3489719798, -158.883155102, 4, 1
7.58108596181, 0.193989065225, 0.0255885589746, 0.024284338252, 3.14159265359, 93.5122748687, 4.23162437874, 0.107033219076, 0.0252936483714, 3.29972382131, 0.104494789286, 0.0316677379518, -2471.30728281, -20.015811816, 23.6233769332, 4, 1
11.2411652342, 0.078986122876, 0.00702650670372, 0.122022482508, 3.14159265359, 215.247319265, 3.54132648425, 0.29102763253, 0.08218040156, 7.71798226877, 0.313320760555, 0.0405962011371, -2461.55858232, -1.49425299354, 205.338975177, 4, 1
11.6540042936, 0.174287157254, 0.0149551306883, 0.114162834781, 3.14159265359, 61.3659265003, 4.74955258202, 0.252822042804, 0.0532307071958, 6.91898166255, 0.42266617085, 0.061087916035, -2421.27621077, -40.3318171026, 1.4179898132, 4, 1
4.92126070399, 0.311632251318, 0.0633236623829, 0.0556004552341, 3.14159265359, 320.116407235, 2.70180256224, 0.225014862214, 0.0832832366653, 2.22971588244, 0.100319790293, 0.0449921853647, -1689.04213428, 43.0242957614, 13.8417309229, 4, 1
29.2710992603, 0.784037684063, 0.0267853857175, 0.0678941503642, 3.14159263252, 117.523321281, 5.09042479787, 0.409007560382, 0.0803484142529, 24.208062783, 0.42674377326, 0.0176281669907, -2397.39039863, -5.71126719938, 12.9389884237, 4, 1
24.7091774167, 0.756099827352, 0.0305999594645, 0.118572293797, 3.14159263869, 68.6449041542, 18.0781697359, 1.1294329523, 0.0624749611713, 6.7127490295, 0.380560014478, 0.0566921261029, -1829.78377401, -15.2690766284, -104.795051761, 4, 1
25.1062879012, 0.459874716201, 0.0183171131475, 0.0187795620239, 3.14159265359, 73.0635322744, 5.60813504321, 0.0478187855043, 0.00852668224569, 19.4362324599, 0.430780994461, 0.0221638116003, -2452.24349545, 60.0660060626, 7.11433829193, 4, 1
36.2819925945, 1.60961043855, 0.0443638930348, 0.0239283872273, 3.14159263252, 148.924310366, 28.413569085, 1.37491267029, 0.0483892983023, 7.13000510105, 0.178642887528, 0.0250550855148, 1045.51180826, -112.04661193, 187.490330367, 4, 1
21.653344521, 0.616605196947, 0.0284762105155, 0.10445486595, 3.14159263869, 189.74607654, 3.52555347398, 0.304090455705, 0.0862532529855, 18.1412098269, 0.652766231168, 0.0359825081898, -2464.85633841, 26.3846162147, 57.4330747745, 4, 1
18.4361338332, 0.965250509564, 0.0523564494758, 0.107930066232, 3.14159265359, 415.050013706, 5.33695244537, 0.257292248271, 0.0482095823233, 13.1397987502, 0.862257882294, 0.0656218484532, -56.1763691742, -28.8034183587, -110.95685784, 4, 1
11.9636429262, 0.23238558139, 0.0194243160569, 0.104657070219, 3.14159265359, 82.6366637549, 8.6426333543, 0.41267301319, 0.0477485271297, 3.33425625518, 0.192675800457, 0.0577867403435, -2465.05120648, 0.605304559077, 21.5418387463, 4, 1
15.4803914067, 0.788989019055, 0.0509669942011, 0.0745130780424, 3.14159263869, 262.7491887, 13.4615056306, 0.690026239557, 0.0512592170962, 2.02807568555, 0.170855466417, 0.0842451135501, -2436.37358896, -3.74885105863, 22.8219878334, 4, 1
13.4993452151, 0.0922566586538, 0.00683415804126, 0.043702711852, 3.14159265359, 38.2550357748, 10.8526612413, 0.0187398341688, 0.00172675012628, 2.64154195089, 0.110960952835, 0.042006129336, -2420.0446334, 9.21598789696, 22.837941728, 4, 1
3.10276997984, 0.106798020228, 0.0344202183603, 0.128588019416, 3.14159263869, 174.246978102, 2.1045977887, 0.107127859194, 0.0509018206561, 1.00419732608, 0.0957098980573, 0.0953098515319, -963.682674767, -44.801576461, 75.8415836937, 4, 1
23.5329260836, 0.553881900553, 0.0235364654011, 0.0631966393528, 3.14159265359, 61.5777361851, 12.7990099439, 0.598546905127, 0.0467650941558, 10.745242909, 0.299567902929, 0.027879118738, -2474.7513372, 10.5873018688, -49.7657599428, 4, 1
8.30295324695, 0.229004274474, 0.0275810627451, 0.0910754061753, 3.14159263252, 203.571757319, 6.5672170537, 0.295569853225, 0.0450068652838, 1.7372484355, 0.0861755006035, 0.0496045924363, -816.758486152, 52.4743073617, -59.6735018588, 4, 1
9.93701840839, 0.345327017642, 0.0347515727002, 0.158232966389, 3.14159265359, 346.41595067, 8.81426833681, 0.227407602493, 0.025799940937, 1.1288793134, 0.188532478435, 0.167008533328, 458.820723666, -170.750299049, -31.2437652914, 4, 1
44.44256085, 1.11650029317, 0.0251223213023, 0.0311462936363, 3.14159265359, 165.532098251, 41.8993704749, 1.1167172272, 0.0266523629005, 2.59628952885, 0.0142016090029, 0.00546996351721, 682.432154839, 17.6736613074, 28.2596379164, 4, 1
13.1655763159, 0.587437155061, 0.0446191751098, 0.0200991834702, 3.14159263252, 218.543179104, 10.8728284815, 0.473248457143, 0.0435257907314, 2.23304504432, 0.116459437385, 0.0521527488577, -2477.59754168, -2.49410323087, 6.88913596525, 4, 1
22.1558914572, 1.03873802615, 0.046883151967, 0.0367701521702, 3.14159265359, 223.852143503, 10.8134141505, 0.595095950843, 0.0550331229857, 11.3546975109, 0.515667659371, 0.0454144779177, -2443.32367084, -47.8234804615, -9.63128259381, 4, 1
28.0775670958, 1.39711021932, 0.0497589486494, 0.0721599291082, 3.14159265359, 224.486439336, 20.1424212682, 1.43032786167, 0.071010721235, 7.64360804381, 0.0836606473306, 0.0109451775721, -1492.03226034, -23.3959011817, 57.7614471891, 4, 1
7.48067705193, 0.279108516072, 0.0373105955697, 0.0558570921957, 3.14159263869, 219.544384632, 5.41439482259, 0.266036951718, 0.049135122287, 2.10505630099, 0.015733188978, 0.0074739991375, 2267.23408929, -100.296303428, -90.1268742208, 4, 1
57.4497302113, 3.13068780671, 0.054494386574, 0.025331310811, 3.14159265359, 274.843193484, 9.14612882885, 0.631009590879, 0.068991985865, 48.3840846249, 2.52845358929, 0.0522579606269, -2446.34951487, -10.0526819414, 13.2110562595, 4, 1
