Mother Total Momentum (GeV/c), Mother Transverse Momentum (GeV/c), Mother Fraction of Transverse Momentum, Opening Angle (rad), Decay Angle (rad), Impact Parameter (cm), Daughter1 Total Momentum (GeV/c), Daughter1 Transverse Momentum (GeV/c), Daughter1 Fraction of Transverse Momentum, Daughter2 Total Momentum (GeV/c), Daughter2 Transverse Momentum (GeV/c), Daughter2 Fraction of Transverse Momentum, Decay Z (cm), Decay X (cm), Decay Y (cm), Event typetipo de decaimento
46.3456480574, 0.501638111916, 0.0108238450198, 0.0783370890373, 3.14159265359, 86.3807063179, 6.38910781486, 0.444916150967, 0.0696366634998, 22.135945737, 0.211743811585, 0.00956560944361, -2473.51418224, -43.0201836055, -30.0637234562, 4, 3
11.1657598156, 0.385932823979, 0.0345639553736, 0.103974514658, 3.14159265359, 258.08243311, 0.879447775208, 0.0226248920037, 0.0257262484954, 3.7642757647, 0.30937165698, 0.0821862361631, -1744.69642823, 4.46488688006, -73.0678842429, 4, 3
106.068810008, 2.01675151913, 0.0190136150201, 0.0348192244918, 3.14159265359, 102.964954291, 20.808222143, 0.556150417753, 0.0267274356228, 19.7460707851, 0.593963045088, 0.0300800625883, -2443.52954679, -4.44945201029, 13.0444174988, 4, 3
18.2586617828, 0.746093018548, 0.0408624151882, 0.00489908032863, 3.14159263252, 258.176857145, 5.37756647797, 0.128306526014, 0.0238595890055, 9.71142276624, 0.24748762011, 0.0254841773515, 2383.54789052, -128.715899034, 45.2959956295, 4, 3
55.6699689405, 1.55013891754, 0.0278451550636, 0.0184736522236, 3.14159265359, 103.023975705, 6.3954489838, 0.037450176785, 0.00585575412764, 18.6266516816, 0.410318137577, 0.0220285505195, -2473.21154159, -8.64841002492, 28.2537284294, 4, 3
36.4077291481, 0.465978235746, 0.0127988821783, 0.0674670337324, 3.14159265359, 143.928153529, 26.8553810409, 0.233912090537, 0.00871006410895, 4.06175876044, 0.246181186295, 0.0606095046048, -329.341276727, 79.7843315067, -101.352162705, 4, 3
47.0891647566, 1.59198146356, 0.0338078084798, 0.0396487541468, 3.14159265359, 173.421570883, 29.4198886293, 0.716251759948, 0.0243458351925, 11.1635752973, 0.704716808047, 0.0631264437494, -2475.01568071, 13.9578209451, -6.52671400493, 4, 3
35.1278023058, 1.96028687819, 0.0558044269642, 0.0255391559023, 3.14159265359, 258.004688294, 21.7531819232, 1.52057233109, 0.0699011453338, 9.24072766961, 0.455210156792, 0.049261289053, -1951.64817795, 15.1406555979, 38.3306330963, 4, 3
19.2804591527, 0.380262203794, 0.0197226736553, 0.0840418903915, 3.14159263869, 96.5206732059, 3.79068453517, 0.199380421583, 0.0525974714419, 6.49400236973, 0.204785434501, 0.0315345487792, -2477.52877822, -30.298503571, 0.813422372704, 4, 3
18.0734335247, 0.758986074104, 0.0419945702662, 0.0394168775672, 3.14159265359, 183.865910932, 11.4770881613, 0.657042473924, 0.0572481856628, 1.87461697298, 0.109991073253, 0.0586738917009, -2472.90479954, -16.0994485916, -12.6791571778, 4, 3
39.5468649959, 0.739051227137, 0.0186879851845, 0.0484241927285, 3.14159265359, 67.238623382, 13.0429187826, 0.39983302033, 0.0306551797949, 9.16514549001, 0.196424841698, 0.0214317210689, -2456.65807567, 18.2782105395, 14.0413378308, 4, 3
62.8359474948, 1.9535685804, 0.0310899836525, 0.037446154859, 3.14159265359, 141.147663954, 12.6497288689, 0.313154023764, 0.0247557893936, 30.8632566908, 1.3478162488, 0.0436705776809, -2473.4228602, 8.60408187, -4.07037102673, 4, 3
29.5765231596, 0.44049438967, 0.0148933797016, 0.01231261517, 3.14159265359, 55.4318360999, 3.88359112677, 0.0807809207355, 0.0208005730002, 15.9534182574, 0.139818549737, 0.00876417501761, -2419.06109338, -11.6666910417, 14.9676379148, 4, 3
49.5816975259, 0.86372369793, 0.0174202123168, 0.0306373492139, 3.14159265359, 77.7505737111, 19.0699993082, 0.551718054454, 0.028931204744, 13.5000292961, 0.0324477703556, 0.00240353332899, -2435.40593565, -7.22865137411, 10.3970219324, 4, 3
8.88218283255, 0.266933798837, 0.0300527250867, 0.0531264079446, 3.14159263252, 91.8422635419, 2.49267941507, 0.178850126286, 0.0717501517461, 2.52222784894, 0.0505122854771, 0.0200268526487, -399.480561281, 111.252373269, 78.8567147028, 4, 3
43.6634617823, 2.55880298291, 0.0586028427078, 0.0282347211479, 3.14159265359, 317.040386609, 20.143701662, 1.38131096228, 0.0685728465135, 19.9132232517, 1.4249952142, 0.0715602489954, -2450.89681773, 23.6382148202, 33.6691469801, 4, 3
33.8889897025, 1.12024311383, 0.033056255842, 0.0328426447697, 3.14159265359, 228.291460417, 11.3365744636, 0.57311919592, 0.0505548830259, 15.1568147632, 0.587371778723, 0.0387529825957, -1281.48831325, 18.7425007809, -29.7102705463, 4, 3
27.9794691009, 0.353334311248, 0.012628342231, 0.0150682793763, 3.14159263252, 25.5869862201, 9.2641672797, 0.141421532118, 0.0152654337782, 7.44504475018, 0.221655565185, 0.0297722273838, -2460.82129429, -21.1829045468, -29.888458253, 4, 3
33.8436468137, 0.915705867093, 0.0270569502198, 0.0176306380845, 3.14159265359, 218.903590931, 20.5459341724, 0.635996377459, 0.0309548532631, 6.98558793988, 0.292168578015, 0.041824479275, -2432.96120963, -14.2949784963, 91.177059207, 4, 3
16.0121115473, 0.408003324915, 0.025480919472, 0.0344814227287, 3.14159265359, 213.300742557, 6.98558797893, 0.292168579649, 0.041824479275, 2.71416879011, 0.10114013035, 0.0372637585101, -2446.20270969, -13.7968481782, 90.4270988099, 4, 3
2.04100743434, 0.355512740253, 0.174184931555, 0.276412090252, 3.14159265359, 1878.50187434, 0.704101712334, 0.211819423631, 0.300836398948, 0.297800844643, 0.150672628737, 0.505950978471, 2521.41028455, -244.742984993, -22.8401963961, 4, 3
26.5556356519, 1.6337035243, 0.0615200308408, 0.0156427531916, 3.14159265359, 337.36666006, 5.05547172707, 0.315011915023, 0.0623110823341, 14.7029641288, 1.14223607338, 0.0776874692322, -2468.23040852, 14.6573527042, 48.443085553, 4, 3
60.0310201243, 0.934775475472, 0.015571540739, 0.0250287159881, 3.14159265359, 32.0389090008, 27.4439416714, 0.167261245194, 0.00609465095055, 27.4644255584, 0.852519804605, 0.031040875142, -2466.52899344, -40.1769399248, -13.779121564, 4, 3
48.1294408115, 0.996954219291, 0.02071402041, 0.0241604655494, 3.14159265359, 60.0468168888, 27.4644254506, 0.852519801258, 0.031040875142, 15.5409156545, 0.379370366212, 0.0244110691188, -2434.93320139, -41.3243789928, -14.7592076574, 4, 3
18.5484947141, 0.711684959883, 0.0383688795695, 0.283268552741, 3.14159265359, 501.604842577, 14.3827193009, 0.306296190361, 0.0212961251591, 0.533683159374, 0.13824847712, 0.259045980169, 2278.63663862, 129.510931735, 53.0850387822, 4, 3
89.5426994812, 1.05665423044, 0.0118005625982, 0.0121528588819, 3.14159265359, 77.8955907189, 10.563799769, 0.0554110902375, 0.00524537490764, 56.9796883024, 0.604246232047, 0.0106045899872, -2402.03230451, 17.0449111478, -19.7765888241, 4, 3
37.7068826123, 0.989100250973, 0.0262312920732, 0.0445293390391, 3.14159265359, 107.484560728, 14.8167831285, 0.152613615398, 0.0103000505626, 14.7648590747, 0.809115718653, 0.0548000976209, -2463.51234378, -3.81877809778, -17.4955617299, 4, 3
31.8780926556, 1.43907693489, 0.0451431316936, 0.0549297570238, 3.14159265359, 187.180238728, 6.22836795099, 0.483461516924, 0.0776225041181, 18.108620111, 0.819177278413, 0.0452368691481, -2442.39588085, 56.9889378513, -21.2644458425, 4, 3
24.4049619011, 0.268713154487, 0.0110105951231, 0.0854080003822, 3.14159265359, 78.8433149217, 11.8816065357, 0.437780302265, 0.0368452112052, 5.23018599128, 0.270676693796, 0.0517527855122, -2332.61395631, -36.0311566159, -32.4936404797, 4, 3
41.9452225134, 1.55822208523, 0.0371489764951, 0.0735789035067, 3.14159265359, 132.284232894, 4.82418668885, 0.134344758259, 0.0278481673542, 5.02283690352, 0.288036789417, 0.0573454394298, -2458.93405183, -10.5396220846, 60.9042252996, 4, 3
62.492805371, 0.962890628699, 0.0154080237394, 0.0395368619016, 3.14159265359, 70.3295157299, 12.1954513581, 0.440106272429, 0.0360877395601, 43.1912710607, 0.638422294717, 0.0147812805467, -2474.95561481, 21.3241845803, 54.8205586106, 4, 3
39.3973475383, 1.89639993097, 0.0481352184717, 0.033484470678, 3.14159265359, 237.604440383, 6.784145929, 0.312921195278, 0.0461253632444, 30.715725295, 1.5944583186, 0.0519101633867, -2470.78646785, 26.0325738001, -9.94543691398, 4, 3
16.398239954, 0.433223615944, 0.0264189094171, 0.0354436972035, 3.14159263869, 126.713771909, 5.35967793841, 0.260690032663, 0.0486391226597, 3.63450519275, 0.049030235182, 0.0134902091431, -2465.68118813, -38.5970039317, -3.75752445651, 4, 3
